nep4 2 C Cu 
cutoff 6 4 90 33
n_max 8 8
basis_size 8 8
l_max 4 2 0
ANN 32 0
 -9.3958020e-01
  2.0111642e+00
 -3.6990786e-01
  1.7871854e-01
 -4.5555308e-01
  6.4372546e-03
  1.1506886e-01
 -1.6466923e-02
 -4.6251830e-01
  4.7129774e-01
 -1.7293008e-01
  2.9703960e-01
 -2.0443037e-01
  4.6258375e-01
  2.7034631e-01
  7.7809870e-02
  6.2860057e-02
  2.6822381e-03
  2.2687744e-01
  9.7300369e-01
 -9.5015383e-01
 -1.1346079e-01
 -2.6256257e-01
 -6.5221184e-01
 -1.0022020e-01
 -1.1679057e+00
  5.4213945e-02
  4.6379709e-01
  3.5549164e-01
  1.0664953e+00
  3.1912664e-01
 -1.9954437e-01
 -4.9118331e-01
 -3.5232794e-01
 -2.3479547e-01
 -3.9441258e-01
 -1.4243959e-01
  3.4129345e-01
 -9.6540086e-02
 -3.2192290e-01
 -4.0186033e-02
  5.8810288e-01
  1.3381299e-01
 -3.9149716e-01
  2.0001955e-02
  2.9071003e-01
  6.6001281e-02
 -2.3787516e-01
  1.0890785e-01
 -1.1905645e+00
 -1.1938599e-01
 -2.5564665e-01
  4.2265272e-01
 -6.2374181e-01
 -7.4476674e-02
  1.9394226e-01
  2.6419020e-01
 -1.2149166e-01
 -6.1200175e-02
 -7.1781284e-01
 -7.6608104e-01
 -4.0740031e-01
 -3.3472380e-01
 -1.8974467e-01
  8.7735051e-01
  4.4475216e-02
 -2.5947887e-01
  5.0792378e-01
  1.2072859e+00
 -1.1427490e-01
  1.5221413e+00
 -1.8091340e-01
  5.0138116e-01
 -1.6243403e-01
  3.3564764e-01
 -8.5200794e-02
 -2.3912536e-01
 -1.7737409e-01
  1.4140852e-01
 -5.5259240e-01
  5.9148484e-01
 -3.8523182e-01
  4.7942725e-01
 -1.6402684e-02
 -1.0118870e-01
 -1.0794524e+00
  1.5082158e-01
 -2.2376047e-01
  9.1796458e-02
  7.1056724e-02
  4.9320889e-01
  6.5477604e-01
  1.5127896e-01
 -1.9853039e-01
 -1.3462478e+00
 -3.8843501e-01
 -1.0892590e-01
  9.9251814e-02
  2.3553537e-01
  1.1402597e-01
 -4.9179432e-04
 -5.1684409e-01
 -3.1751607e-02
 -5.9443337e-01
 -2.9945636e-01
  2.4391933e-01
 -2.4052900e-01
  1.1599494e+00
 -1.7380767e-02
  1.1253994e+00
 -8.8881063e-01
  7.1073025e-01
 -1.8890868e-01
  2.0177855e-01
  2.9107305e-01
 -4.4551212e-01
 -3.0022225e-01
  2.2451310e-01
 -8.3886631e-02
  9.0328470e-02
 -1.2512280e-01
 -2.2602394e-01
  3.0552036e-01
  1.0337430e+00
  3.9374899e-02
  1.6089642e-01
 -1.0359048e+00
  7.7662259e-01
  6.3224536e-01
  3.6047822e-01
  9.5301665e-02
 -1.1849648e-02
  2.9657286e-01
 -5.3274107e-01
 -2.2540869e-01
 -1.5934929e-01
  1.1073494e+00
  1.0533283e+00
 -2.9903650e-01
  1.1322949e+00
  2.4013644e-01
 -1.7214531e-01
  1.0503474e-01
  1.8234690e-01
 -9.0375173e-01
  2.4670455e-01
 -4.8641717e-01
  1.1969031e-01
  2.7977448e+00
  1.0720097e+00
  2.8562302e-02
 -1.3596755e-02
  8.3254524e-02
 -3.3524016e-01
 -3.2492015e-01
  8.0416226e-01
 -7.0291422e-02
 -5.8853960e-01
 -3.8565723e-03
 -1.1505419e+00
  6.2754726e-01
 -5.1200878e-02
 -2.6877603e-01
 -3.2015339e-02
 -4.7677994e-01
 -2.3427129e+00
 -8.8782048e-01
  3.4681931e-01
 -1.8625723e-01
 -1.0231637e+00
 -1.1538293e-01
 -1.0347322e+00
 -1.7453741e+00
  4.7956070e-01
 -4.3776426e-01
 -1.0995611e-01
 -9.7956938e-01
 -5.4822224e-01
  2.6349482e-01
 -1.5187588e-01
  4.3009979e-01
  8.6758804e-01
  4.6458229e-02
  9.5459414e-01
 -2.7843153e-01
 -7.4183717e-02
  1.0127921e+00
  8.9524657e-01
 -5.6083143e-01
  5.2722156e-01
 -6.2570482e-01
  4.9520808e-01
 -7.1525671e-02
  2.9761547e-02
  9.1022396e-01
  2.0358028e-01
 -1.5920275e-01
  7.0650756e-01
 -1.6045362e-02
  6.1533853e-02
  6.4057839e-01
 -3.4109145e-01
 -2.2114952e-01
 -1.8556839e-02
 -9.2643994e-01
  3.4341919e-01
  1.2617806e-01
  1.3497809e-01
 -9.1337681e-02
  1.0257356e+00
  9.4402798e-02
 -4.4865656e-01
 -1.0552622e-01
  1.6590459e+00
  4.2558861e-01
  1.5253441e-01
  5.4354107e-01
 -2.1305323e-01
  3.8943195e-01
  8.2577461e-01
 -3.3521354e-01
 -4.0168425e-01
  8.9211695e-02
  3.5668704e-01
 -1.2896113e+00
 -3.9395833e-01
  2.7661276e-01
 -8.6076707e-01
 -1.1176966e-02
 -9.0387875e-01
 -5.0910723e-01
  3.4989798e-01
  2.4456145e-01
  5.4005498e-01
 -9.8452918e-02
  2.7402470e-02
 -2.6861238e-01
  1.7318922e-01
 -1.6255423e+00
  3.1564993e-01
 -7.9356921e-01
 -2.7570516e-01
  4.1779360e-01
  4.1906834e-02
  7.2429322e-02
 -8.4508705e-01
 -6.5008521e-02
 -1.2356076e+00
  1.4411193e-01
  3.7056820e-03
  1.0976502e+00
 -1.9595352e-01
  1.3311143e-02
  7.1197855e-01
 -3.9655626e-01
  1.3408534e-01
 -9.2729723e-01
 -3.5255879e-01
 -6.9060963e-01
  7.6708633e-01
 -2.7751157e-01
 -8.4813333e-01
  4.0603411e-01
 -2.7309126e-01
 -3.2123175e-02
  4.6793050e-01
  2.0958928e-03
 -5.0486978e-02
  6.4881667e-03
 -1.5076129e-01
  4.5079958e-01
 -1.6497941e-01
 -6.4614874e-01
  4.8513788e-01
  5.6759882e-01
  1.6835491e-01
  2.1092880e+00
  7.6338798e-02
  2.6664954e-01
  6.1071968e-01
 -1.4614617e-02
  1.5243915e-01
  2.5213808e-01
  2.4614812e-01
  9.1269040e-01
 -2.0223162e+00
 -9.4125956e-01
 -1.2288560e+00
 -5.5871868e-01
  2.0698151e-01
 -3.1077227e-01
  8.4048152e-01
  6.1573412e-02
 -2.0959687e-01
  1.5817516e+00
 -1.3299672e-01
 -2.8009725e-01
  8.2874811e-01
  7.2657263e-01
 -1.2388213e-02
 -3.3139950e-01
  5.3913063e-01
  2.9602307e-01
 -1.5034832e+00
 -1.0389563e-01
 -5.1836616e-01
  2.4993016e-01
  3.3658001e-01
 -2.4759915e+00
  2.0076193e-01
  5.5840099e-01
  1.0842301e-01
 -5.2195054e-01
 -2.4739940e-01
  1.1065570e-01
 -5.2448338e-01
  1.4870958e-01
  3.3242166e-01
 -1.1432058e-01
  1.1806922e-01
  6.3622469e-01
 -1.2564576e-01
  1.4701821e-02
 -3.4181681e-01
 -2.0181444e-01
 -8.8571370e-02
  1.7090003e+00
  6.1384637e-02
  4.6982031e-02
 -2.6279044e-01
 -1.3961006e+00
  1.8635178e+00
  1.1303473e-01
  5.8544946e-01
 -1.0712793e-02
  5.0979716e-01
  6.1883551e-01
 -1.4121604e+00
  5.4588860e-01
 -6.9251072e-01
  5.9372131e-02
 -5.4098699e-02
  7.5718355e-01
 -2.4653780e-01
 -5.0834775e-01
  3.3503193e-01
  3.4303882e+00
 -1.1786637e-01
 -4.3505216e-01
 -6.7411192e-02
 -9.5930833e-01
 -6.4495134e-01
 -1.1796554e-01
  1.6063252e-01
 -3.6642495e-01
  2.5042677e-01
 -6.6972226e-01
 -8.6911134e-02
  4.2794859e-01
  1.1147641e-01
  2.1677792e-01
 -3.2588772e-02
 -1.7521492e-01
  4.7677010e-02
 -3.8500899e-01
  1.2055743e-01
  9.7682305e-02
  5.2398533e-01
 -2.5757143e-01
 -6.4813602e-01
 -1.3782334e-01
 -2.4452934e-01
 -2.3927684e-01
  1.8911482e-01
  1.9327493e-01
  2.9881325e-01
 -5.3463882e-01
 -2.8731877e-01
 -2.0894831e-01
  9.9094242e-01
  8.1128073e-01
 -9.4095182e-01
  2.1952350e-01
 -2.1857235e-01
  6.7548525e-01
 -6.3767076e-02
 -6.0821187e-01
  1.0004136e-02
 -1.9887779e+00
  7.6729201e-02
 -1.3371746e-01
  8.8694785e-03
  1.1558510e-01
  1.4811696e-01
  9.9812448e-02
  1.0957854e+00
  3.3056372e-01
  8.9360975e-02
 -1.1924303e-01
 -4.4425485e-01
  1.2570031e+00
 -5.6389958e-01
 -4.4447395e-01
 -2.8413862e-01
 -2.7986237e-01
 -2.4406603e-01
 -8.3398342e-02
  1.5543763e-01
  4.3885344e-01
 -2.5195330e-02
 -4.3384746e-01
 -1.7912246e-01
 -3.9484841e-01
 -7.7869248e-01
 -1.2603201e-01
  4.5410357e-02
 -3.9633480e-01
  1.8853465e-01
 -5.7123411e-01
  1.5897161e-01
  1.2027535e-02
 -1.5570657e-01
  2.7748787e-01
  2.6341981e-01
  7.5611889e-02
 -3.3784196e-01
  2.3155674e-01
 -2.3557320e-01
 -9.0398234e-01
 -7.7301794e-01
  1.2185251e-01
 -4.5381039e-01
  3.9363816e-01
 -7.7041036e-01
 -1.0776343e+00
  9.1447848e-01
 -1.1809382e+00
 -2.1893793e-01
  4.6228725e-01
 -1.7498635e-01
  8.5513771e-02
  5.1545757e-01
 -2.5822207e-02
 -3.1136320e+00
  5.9523058e-01
  1.3640267e+00
  4.0524653e-01
  1.2809056e+00
  8.4883220e-02
  1.1410376e-01
  2.3674418e-01
 -2.9103437e-01
 -1.8848143e+00
  5.9360462e-01
  1.9066314e-01
 -5.3708274e-02
  2.6092976e-01
 -1.8258703e-01
  1.0583633e+00
  9.6922712e-03
  9.2732573e-01
  4.2723045e-01
  1.3629031e+00
  4.3828342e-02
  2.3093861e-01
  8.6831856e-01
 -1.6222848e-01
  7.3659164e-01
  6.1627477e-02
  9.7495103e-01
  6.4623572e-02
  3.7917823e-01
  1.8283522e+00
 -1.4534401e+00
  6.0930800e-01
 -3.9406199e-02
 -4.5369744e-02
 -2.1882564e-01
 -4.1708827e-01
 -1.7120245e-01
  2.6080468e-01
  5.4511380e-01
  1.3089974e-01
  3.0206978e-01
  7.7430055e-02
  1.6357717e-01
  1.4963133e+00
 -9.8177439e-01
  1.0515622e+00
  9.9010482e-02
  3.3630481e-01
 -7.6461959e-01
  8.2108641e-01
  8.1301582e-01
  6.1019368e-02
  3.5740802e-01
  1.3755432e-01
 -1.9739363e-01
  1.3664271e-01
  2.7423206e-01
 -3.5855851e-01
 -3.8683154e-02
  3.2201475e-01
 -5.0301641e-01
  3.2549974e-01
  4.9179497e-01
  6.6909540e-01
  1.6250893e-01
  8.8885117e-01
 -1.4893134e-01
  5.9957290e-01
 -2.6686585e-01
  7.5175717e-02
 -2.0723081e+00
 -1.1509595e+00
  2.6701570e-01
  6.6778910e-01
  2.3542166e+00
 -4.5299284e-02
 -6.5944433e-02
 -2.9497564e-01
 -2.4944480e-01
  1.6940796e+00
 -2.9106110e-01
  3.7481150e-01
  6.5788209e-02
 -7.6195872e-01
  9.5231473e-01
  1.5264100e-01
 -1.4404240e-01
 -9.7857088e-02
  5.1196396e-01
 -5.8601554e-02
  4.1241860e-01
  2.8690815e-01
 -6.0371496e-02
  1.2109256e-02
 -2.4050379e-01
 -2.4513458e-01
  7.2580260e-01
  7.5529629e-01
  1.2917998e+00
  7.7768177e-02
  3.6321992e-01
  1.7543085e-01
 -5.4302108e-01
 -1.0563980e-01
 -4.1945696e-01
 -4.8561145e-02
 -3.2715157e-02
 -3.8718465e-01
  4.2509010e-01
 -2.6229137e-01
 -1.1617889e-01
  4.5042530e-01
 -2.2115752e-01
 -1.3507420e+00
 -1.4005066e-01
  5.2501339e-01
 -9.1564131e-01
 -6.6634560e-01
 -2.1106084e-01
 -5.1020175e-02
  7.3739266e-01
  6.9909769e-01
  2.6954150e-01
  6.4797091e-01
 -2.5551063e-01
 -2.5091979e-01
 -4.2579147e-01
 -4.5437980e-02
 -4.1678652e-01
 -3.6844206e-01
  1.7615442e-01
 -5.0424737e-01
  7.2880588e-02
  3.0489096e-01
 -2.8524669e-02
  2.7666640e-02
 -2.4016908e-01
 -5.3539250e-02
 -1.5869471e-01
  4.1771322e-01
 -7.2012538e-01
 -9.3157202e-02
 -1.7904483e-02
 -5.6621227e-02
  3.9381111e-01
  3.9239565e-01
 -4.6904621e-01
  4.7922548e-02
  1.1512320e-02
 -4.0823214e-02
  1.1868248e+00
  5.0994575e-01
 -2.5768714e+00
 -7.1261957e-02
 -8.5048479e-01
  1.3452033e+00
 -1.2139982e+00
 -9.3635982e-03
  2.6678288e-01
  3.6749759e-01
 -1.2012720e+00
  3.3366086e-04
  1.8778528e-01
  9.3559474e-01
  1.9651455e+00
  5.8257496e-01
 -2.8318357e+00
  2.5802889e-01
  2.0352092e-01
  1.9675362e+00
 -7.5062644e-01
  3.6199313e-01
 -3.5307851e-01
  7.6617181e-01
  1.4561707e-01
  2.5067383e-01
  2.3887387e-01
  4.8505878e-01
 -2.2945921e+00
 -2.1860048e-01
 -1.5051100e+00
 -1.1565580e+00
 -2.6935325e+00
 -7.1482253e-03
  1.4532422e+00
  3.5191604e-01
 -1.6091431e-02
 -2.8672662e-01
 -1.8155056e-01
  1.7810281e-01
 -3.9008012e-01
 -1.8528476e+00
  3.2331195e-01
 -1.6518667e-01
  2.0120296e-01
 -1.0210997e+00
 -3.3630416e-01
  4.9906407e-02
 -8.6858827e-01
  4.6392298e-01
 -1.7286128e-01
 -1.6663168e-01
  3.7916771e-01
 -1.9706669e-01
 -2.7443376e-01
  8.3165622e-01
 -3.3659989e-01
  1.5190471e+00
 -4.6293435e-01
  1.0010551e-01
 -1.8261083e+00
  2.8995292e+00
 -1.7859848e+00
 -5.8979368e-01
  4.9701654e-03
  5.5272353e-01
 -1.6630092e-01
  1.5264559e-01
 -1.7267385e-02
  3.1621265e-01
  1.7367716e+00
  2.7214867e-01
 -2.6002795e-01
  3.0599713e+00
  1.9494429e+00
 -1.4205505e-01
  1.8749371e-01
  6.0665959e-01
  5.1720184e-01
  1.8128206e-01
  3.2461733e-01
  1.0076539e-02
 -1.1384513e+00
  6.9625628e-01
  1.0870755e+00
 -3.4319201e-01
 -1.8090032e+00
 -1.1806140e+00
 -1.8069191e-01
 -1.3417228e-01
  2.5629818e-01
  8.1443977e-01
  2.4625371e-01
 -1.7785501e+00
  3.1238878e-01
 -3.1523031e-01
 -1.1252149e+00
 -1.7190123e-02
  7.4723136e-01
  5.7119261e-02
  3.5634974e-01
  8.1765419e-01
  4.2286718e-01
  9.8743558e-02
  1.0663036e+00
  3.0363497e-01
  1.0882553e-01
 -5.4878485e-01
  4.6779063e-01
 -2.6301900e-01
 -1.2219131e-01
 -1.3164457e+00
 -1.0020667e-01
 -1.8594174e+00
  5.1918283e+00
  2.6765664e-03
 -2.3308578e-01
  8.9282888e-01
  1.4241116e+00
 -1.0656078e+00
  1.9865962e-02
  1.8148816e+00
  7.3636568e-01
 -2.0435369e+00
  9.0860343e-01
 -1.9874879e+00
  5.7423913e-01
  1.7317580e-01
 -1.0073917e+00
  7.7183276e-01
  1.8135426e+00
  1.7370911e+00
 -1.2004666e+00
  3.8484788e+00
 -1.3502038e-01
  1.5740550e-01
  3.1034434e+00
  1.4570643e+00
  6.3910031e-01
  1.5265403e+00
  5.4264832e-01
 -2.4139063e+00
 -1.1965814e-02
 -3.6299458e-01
  2.3468509e+00
  1.6568680e+00
  5.0533569e-01
 -1.5582289e+00
 -3.2176736e-01
  9.2679548e-01
 -5.2897102e-01
  6.6471919e-02
 -1.9057150e-01
  1.1328882e+00
  2.2801924e-01
  4.0930623e-01
  2.3412495e+00
  1.2809249e+00
 -1.8866042e+00
  6.9871241e-01
 -3.0025275e-02
 -6.6844046e-01
  3.4695232e-01
 -1.8365273e-01
 -1.1418145e-01
 -3.1325272e-01
 -1.5229155e-01
  3.5024390e-01
  8.2580931e-02
  1.1387870e-01
 -1.7856143e-01
 -1.8051807e+00
  1.7383784e-01
  2.5394326e-01
  2.8721291e-01
 -5.4058754e-01
 -7.9684682e-02
  1.2577446e-01
 -1.8804400e-01
 -5.5329561e-02
 -1.5981573e-01
 -1.8422915e-01
  7.1628213e-01
 -2.9510304e-01
  1.2663355e-02
  2.9307979e-01
  2.5520314e-02
  5.4758531e-01
  8.0110329e-01
  6.3380986e-01
 -3.7124851e-01
 -9.2441297e-01
 -4.1018233e-01
 -1.4643377e-01
 -2.1894065e-01
 -1.4491892e+00
 -3.0715063e-01
  1.3188964e-01
  2.7515541e-03
  9.5354056e-01
  3.8848799e-02
  9.6803755e-02
 -1.4886357e-01
  4.9213490e-01
  5.8507133e-01
 -4.7321731e-01
 -1.3028985e-01
  5.4805392e-01
 -5.6566048e-02
  1.7254604e-01
 -2.3499024e-01
 -6.2207401e-01
 -4.5635125e-01
  1.3663211e-01
  1.4626031e-01
  4.2959690e-01
  2.0391087e-01
  3.7567407e-01
  2.4535096e-01
 -3.0813193e-01
  3.6281160e-01
 -7.7616036e-02
  8.8971460e-01
  7.4543601e-01
 -2.5650921e+00
 -2.3627570e-01
 -6.1107107e-02
 -1.1170222e+00
 -5.2482480e-01
 -4.4954002e-01
 -2.8481287e-01
  2.4357927e-01
  7.3269770e-02
 -2.4420466e+00
 -3.7465307e-01
 -1.3473214e-01
 -1.2012133e-01
  7.6329648e-02
  1.3274352e-01
 -1.0483068e+00
  6.8672843e-02
 -1.8613343e-01
 -1.4898920e-01
 -2.4233273e-01
 -9.0416618e-02
  2.3066248e-01
 -5.5251342e-01
  6.6995543e-01
 -1.2043055e+00
 -1.7643805e+00
 -1.0022619e+00
  8.4118634e-02
  1.5957209e-01
 -3.2679546e-01
  5.0466740e-01
  3.3609974e-01
 -1.2679522e-01
 -4.6185259e-02
  7.9572938e-02
  7.4816927e-02
  3.3322027e-01
  8.5392100e-01
 -2.7904075e-01
 -3.4906805e-01
  4.7916341e-01
  4.4624668e-01
 -2.9258877e-01
  3.1387946e-01
  8.3432816e-02
  7.8955278e-02
 -2.3667842e-01
 -1.6413617e-01
 -1.0414580e-01
 -2.5449699e-01
  6.2796229e-01
  1.6154392e-01
  2.9629952e-01
 -5.6380574e-02
  3.8809963e-02
 -2.1031852e-01
  1.4953896e+00
  7.0912451e-01
  2.2549042e-01
  3.8486499e-01
 -1.6183585e-01
 -4.1658798e-01
  3.3301073e-01
  7.2972581e-02
  7.4552852e-01
  9.6256638e-01
  1.8731058e-01
 -1.0126369e-01
 -9.6960032e-01
  1.1576957e+00
  1.8511355e+00
  4.6545932e-01
 -1.0911900e+00
 -1.5848601e-01
  1.6483718e-01
  1.8448389e-01
 -1.0907751e-02
  1.2210953e+00
 -1.5985675e+00
  1.0174172e-01
  2.2213042e+00
  5.0213683e-01
 -1.1955015e-01
 -1.5791652e-01
  1.7904187e+00
 -2.8624198e-01
 -1.2155144e-01
  1.7506747e-01
  3.6919376e-01
 -1.6437101e-01
 -3.3739629e-01
  2.5961609e-03
  7.5389892e-01
 -1.5131335e-01
 -1.7666477e-01
 -4.9467769e-01
 -2.9565781e-01
  1.7548144e-02
 -1.8956339e-01
 -7.8835583e-01
  9.7093683e-01
 -6.6935718e-02
 -3.4909481e-03
  5.0244283e-02
  1.0757825e-01
 -5.1869947e-01
 -1.0527647e+00
 -2.6188803e-01
 -3.1001261e-02
  4.8444703e-01
  3.4541634e-01
  2.8587079e-01
  4.3987313e-01
  2.3537952e-01
 -4.1440874e-01
 -1.1396338e-01
  4.3091379e-02
  1.0430204e-01
 -1.3094765e+00
  7.0273542e-01
  5.0347316e-01
 -1.7967485e-02
  2.7609625e-01
  5.0473746e-02
  8.4824175e-01
 -6.2223411e-01
  1.0086049e+00
  1.2477463e-01
 -1.1504578e-01
 -9.2137694e-02
 -2.8074643e-01
  2.2579011e-01
  1.2244908e+00
 -2.7701625e-01
  2.8552395e-01
 -1.6352055e+00
 -2.0649061e-01
  2.5232038e-01
  4.5870310e-01
  5.0798982e-01
  1.3385448e-01
  2.9016614e-02
 -1.3909698e-02
 -2.1519078e-01
 -5.7843715e-01
  1.5478175e+00
  2.4892938e-01
  7.2605091e-01
 -2.1695629e-01
 -2.5603384e-01
 -8.4390365e-02
 -3.6205438e-01
 -3.3097036e+00
 -4.3273091e-01
 -6.5807211e-01
  6.0908269e-02
 -1.0999860e+00
 -2.9582348e-01
  1.9153963e-01
  3.7272144e-02
 -5.7491618e-01
 -1.4025681e-01
  1.0800657e-01
 -4.7347885e-01
 -2.0196453e-01
  2.1011733e-01
 -4.5301113e-01
  1.8304783e-01
 -8.8044441e-01
  1.3304532e+00
 -1.8090242e-01
 -5.6917466e-02
 -2.3002266e-04
  3.7679780e-01
  1.2580605e-01
  1.2295338e-01
 -1.3361306e+00
  2.3104852e-02
  4.5931986e-01
 -1.9509561e+00
 -1.2716736e+00
  6.0398859e-01
 -3.0215830e-01
 -1.4713651e+00
 -3.2971480e-01
 -8.1095971e-02
  3.7680194e-01
 -1.5441510e-01
 -2.4105771e-01
 -2.9637262e-01
 -6.9288784e-01
  2.6848793e-02
 -5.1221287e-01
 -5.7500970e-01
 -4.9593681e-01
 -3.4270812e-02
  1.2365927e-01
 -2.0448583e-01
  5.4630425e-02
 -1.8986051e-01
  5.8159422e-02
 -2.6296501e+00
 -4.5349505e-02
  1.0553091e+00
  2.0998047e-01
  3.0474633e-01
  2.8967425e-01
  6.4113379e-02
  9.7112402e-02
  3.0420799e-02
  3.2731712e-01
  1.0669725e-01
 -2.9527737e-02
  5.1176000e-01
 -5.3839523e-01
 -2.4795024e-01
 -3.0701649e-01
 -4.8429856e-01
 -1.6564466e-01
 -4.9630246e-01
 -6.0748033e-02
 -8.5191393e-01
 -6.6705841e-01
  1.5990995e+00
 -2.4860680e-01
 -1.5687232e-01
  1.0614892e-02
  3.6863407e-01
  1.4765434e-01
 -5.9049475e-01
  5.6611711e-01
  2.0724595e-02
 -1.4739950e-01
  5.6811404e-01
  3.7835759e-01
  8.2355790e-02
  9.1449365e-02
 -7.1757816e-02
  2.2203802e-01
  5.0492001e-01
 -8.6372423e-01
  3.2557618e-02
 -2.0738611e-01
 -8.4646547e-01
  3.8219523e-01
 -1.5957868e-01
 -7.4298352e-01
  2.2428541e-02
 -4.7284907e-01
 -2.8169058e-02
 -7.9631847e-01
 -3.8574359e-01
 -4.6801008e-02
 -3.2295235e-02
 -7.4757682e-03
  7.6375075e-02
  1.6984506e-01
  2.2814605e-02
  8.6351223e-02
  5.2899849e-01
  1.4794904e-01
 -2.6672646e-01
 -1.4175184e-01
  6.5047914e-01
  2.0545447e-01
  8.9073604e-01
 -1.5583065e+00
  7.6817155e-01
 -1.9895842e+00
  1.7058165e+00
  3.6396396e-01
  4.9473539e-01
  8.4806763e-02
 -2.2757313e-01
  6.0673628e-02
  7.1515977e-01
  3.8623539e-01
 -9.6088284e-01
 -1.3323498e+00
 -1.5625985e-01
  6.7066765e-01
  2.2409952e+00
  1.9394556e+00
 -1.1731201e+00
 -5.1779062e-01
 -3.8411909e-01
 -1.0497007e+00
  2.7141380e-01
 -1.2511482e+00
  8.5316890e-01
 -4.8168093e-01
  1.7499034e+00
 -1.7848943e-01
 -5.8210737e-01
 -7.2812539e-01
 -7.7753842e-02
  3.3524826e+00
  6.5411270e-01
  1.4510566e+00
  1.1035050e+00
 -1.3416181e+00
  1.3561091e+00
  8.0764639e-01
 -3.0163670e-01
  6.5638834e-01
  2.8857720e-01
  1.4384273e+00
 -4.6010491e-01
  3.0544633e-01
  2.2948871e+00
  1.4037173e+00
 -2.5211048e-01
  2.3472099e+00
 -1.0885235e+00
  2.5352624e-01
 -4.7601122e-01
 -1.0999149e+00
 -2.2548754e-03
  5.8597016e-01
  8.4873348e-02
  4.4662559e-01
  6.0698330e-02
  3.6956382e-01
  2.1246147e-01
 -2.5385633e-01
  3.5726342e-01
  2.0221800e-01
  2.3253946e-01
 -3.5176137e-01
 -4.7812775e-01
 -6.6496825e-01
 -5.7020001e-02
  2.6315859e-01
 -5.1711999e-02
  7.4978948e-02
  2.8412521e-01
  9.2745766e-02
  1.3574924e-01
  2.8020355e-01
 -1.4333147e-01
  6.3505173e-01
 -6.9201387e-02
  6.1153370e-01
 -7.8344291e-01
 -3.8749522e-01
  3.7736666e-01
  5.4592978e-02
 -6.9666654e-01
 -5.8455288e-01
  1.4105186e-01
  4.2116264e-01
  4.4470945e-01
  6.7250079e-01
  3.6117125e-01
 -1.1843731e-01
 -1.7063694e-01
 -4.5337513e-01
  3.8543749e-01
 -1.5507807e-01
  4.8612479e-02
  7.7528954e-02
  1.1038331e-01
  2.1504100e-01
 -2.7425325e-01
 -2.4476562e-01
  2.4340664e-01
  2.5072661e-01
  1.0964122e-01
 -5.1620390e-02
  3.1060085e-01
 -4.4605681e-01
  1.1207432e-01
 -7.0877838e-01
 -1.0425323e+00
 -4.5787841e-01
  4.2537367e-01
 -6.9397695e-02
 -1.1645480e-01
  1.9606908e-01
  1.0271453e-01
 -2.5572717e-01
 -4.1127807e-04
 -8.9568037e-01
  2.7406093e-02
 -3.8477752e-01
  2.2377300e-01
 -2.7822730e-01
 -1.0455225e-01
 -5.0763279e-01
  1.7104479e-03
 -3.8557079e-02
 -1.2233008e+00
  4.0122166e-01
 -2.1654932e-02
  3.2917953e-01
  1.6836497e-01
  7.7425241e-01
 -2.3173431e-01
 -1.5563737e+00
 -5.1217057e-02
  1.4925472e-01
  3.1626996e-01
  2.6209149e-01
  2.5776663e-01
  1.3332736e-01
 -6.2065642e-02
 -7.2925024e-02
 -1.0105954e+00
 -1.1577141e-02
  2.4828759e-01
  3.9713961e-01
  2.2114224e+00
  5.7207521e-02
  1.3286331e+00
 -6.4588124e-03
 -6.2916124e-01
  8.0778444e-01
 -1.5096641e-01
 -1.6581392e-01
  5.0688988e-01
 -1.1504939e+00
  3.1540784e-01
  2.7406436e-01
 -3.0514711e-01
 -2.1716292e-01
 -3.1407094e-01
  8.4309511e-02
  5.0711232e-01
  6.4115003e-02
  1.2220807e-01
 -8.3818829e-01
  6.9663286e-01
 -1.2511908e-01
  4.7224304e-01
  1.2805007e+00
 -1.0437694e+00
 -2.9556277e+00
  2.6505930e+00
 -5.9360456e-01
  5.3402264e-02
 -8.3858468e-02
  1.1957530e-01
 -1.3583405e+00
  1.9630784e-01
 -1.2917180e-01
  1.5404630e+00
 -2.0748919e-01
 -9.1013052e-02
 -4.8723006e-01
  1.4565539e+00
  5.8630127e-01
 -1.8498719e-01
  2.9872364e-01
  8.5339153e-01
 -8.6793828e-01
 -2.7481733e-02
 -6.2433546e-03
  2.2881447e-01
  3.3425388e-01
  1.6145097e-01
 -7.7835524e-01
 -5.0168555e-02
  3.7270170e-01
 -1.6113737e-01
 -3.8836546e-02
  4.4867265e-01
 -6.4637326e-02
  1.3037232e-01
  5.0955720e-02
 -1.4155845e-01
  2.7874351e-01
 -7.0656949e-01
 -1.2572785e-01
  1.5284116e+00
 -2.1859948e-01
  1.5315934e-01
 -4.3640781e-02
 -4.2567047e-01
 -7.3511776e-04
 -8.0341801e-02
  4.0293902e-02
 -2.1411780e-02
  2.1456208e+00
 -3.1047377e-01
 -2.5538585e-01
  3.8504255e-01
  1.1316262e+00
 -2.1570680e-01
  2.8392171e-02
 -2.1677867e-02
 -3.5845128e-01
  7.0727366e-01
  6.2038999e-02
  4.1480857e-01
  5.4529792e-01
 -9.5397490e-01
 -3.2964274e-01
 -6.0236747e-03
 -2.6357672e-01
  5.5877173e-01
 -2.2395925e-01
  5.8059502e-02
  2.9949370e-01
  2.8768671e-01
  5.2648044e-01
  1.5267961e-01
 -2.5449419e-01
 -1.9939172e-01
 -1.9953716e-01
  2.0111108e-01
 -2.2800420e-01
 -7.8975588e-02
  1.2369195e-01
 -5.0441276e-02
 -1.2082089e-01
  4.4219443e-01
  1.3975856e-01
 -2.2654064e-01
 -1.3599840e-01
  8.4923916e-02
  2.6909426e-01
  1.7816132e-01
  2.9118691e-02
  2.0286620e-01
 -1.3149410e+00
 -8.4988467e-02
  6.9301862e-01
 -3.0986616e-01
 -1.8773547e-01
  1.6628252e+00
  3.9091220e-01
 -8.6872303e-01
  5.1105672e-01
  1.5393315e-01
  9.0815920e-01
 -1.1289905e+00
 -1.1550547e+00
  1.1059637e+00
 -9.7531816e-03
  9.5144853e-02
 -1.6542225e+00
  5.6226963e-01
 -2.7964098e+00
  1.2915389e-01
 -5.4873538e-01
 -9.6387291e-01
 -7.8920513e-01
 -8.9655602e-01
 -9.2760003e-01
  5.6510866e-01
  3.8685251e-02
  6.5221441e-01
  2.1622385e-01
  2.6301472e+00
 -1.0928326e+00
 -3.5948524e+00
 -2.2348998e-01
 -3.7710783e-01
 -2.5618384e-02
  6.3293272e-01
  4.5042244e-01
 -1.4817464e+00
  6.3144779e-01
 -1.3784550e-01
 -5.8002687e-01
  1.2656180e+00
 -6.3339971e-02
  2.0305274e-01
 -1.3705364e+00
 -2.8139654e-01
 -1.9722243e-01
 -2.1267906e-01
 -3.2105099e-02
  3.8758883e-01
  5.6997329e-01
  2.0069511e+00
  8.8102624e-02
  2.6371677e-03
 -1.6451137e-01
 -3.6515185e-01
 -6.6343760e-01
  2.8655987e-02
  1.2817581e+00
 -3.2272521e-01
 -2.4487929e-01
 -1.2469272e-01
  2.3464267e-01
 -2.1829216e-01
  8.4814094e-02
 -1.8364716e+00
 -3.3770832e-01
 -7.2944164e-01
  3.7781376e-01
 -7.0776314e-02
  3.1521043e-01
  1.6217723e-01
  2.3528308e-01
  3.8373438e-01
  5.8250076e-01
 -3.1318078e+00
 -6.2960908e-02
  1.6822169e+00
 -2.0319642e-01
 -1.7079055e-01
  7.0546436e-01
  5.7093626e-01
 -3.6695224e-01
 -1.2851280e+00
  4.3681937e-01
  1.8160834e+00
  4.6717846e-01
 -1.1642834e+00
 -7.4081339e-02
 -3.2554844e-01
 -7.9977633e-03
  6.8614948e-01
 -7.0370728e-01
 -4.3079111e-01
  1.8793949e-01
  3.6972791e-01
 -5.3688216e-01
  3.0288011e-01
  3.3697164e-01
 -2.1226795e-01
  7.9792522e-02
  5.4728919e-01
  1.6672967e-01
  2.4021399e-01
  7.5228208e-01
 -2.3661073e-01
  5.2470261e-01
 -4.0547005e-03
 -4.7244534e-01
 -8.0600369e-01
  2.8819403e-01
 -1.7307243e-01
  1.4907329e-01
 -1.6661645e-01
 -2.3485444e-02
  2.2407966e-03
  4.0448809e-01
  5.7624400e-01
  5.7303387e-01
 -2.7567143e-02
 -5.5243278e-01
  4.9134299e-01
 -8.5087103e-01
 -5.4516919e-02
  8.3133750e-02
 -2.1306558e-01
  8.8900976e-02
 -1.9705955e+00
 -1.5221112e+00
  1.2058240e+00
  4.5522657e-01
  4.3721366e-01
  2.7735412e-01
  2.2107949e+00
  1.9649856e-01
  6.9467038e-01
  3.7083215e-01
 -8.3749905e-02
 -3.5031417e-01
  2.8463039e-01
  6.9960183e-01
  2.3771610e-02
  3.1642997e-01
 -1.4148460e-01
 -1.1384873e-01
  3.2874413e-02
  2.7044830e-01
 -3.4014535e-01
  2.1474434e-02
  2.7972603e-01
 -1.8825620e-01
 -8.6293966e-01
  5.6569284e-01
  5.7585359e-01
 -5.5511683e-01
  4.4865161e-01
  1.5988152e-02
 -2.4646320e+00
  8.4310782e-01
  6.0357165e-01
 -4.1884896e-01
  2.6240817e-01
  6.1519361e-01
  3.1845715e-02
 -7.9382412e-02
  5.3082407e-01
  2.0456383e-01
 -4.8545560e-01
 -1.3636847e-01
 -3.8406065e-01
 -3.7004268e-01
  6.0909009e-01
 -3.3429304e-01
 -3.7825233e-01
  3.2464078e-01
  5.2514935e-01
 -3.7699092e-02
  4.3961218e-01
 -1.1696861e+00
  1.8730143e-01
 -5.5652261e-01
 -1.6437391e+00
 -2.9328007e-01
 -3.6312556e-01
 -1.3960370e-01
  3.7306240e-01
 -5.7080820e-02
  5.6756837e-03
 -8.5485622e-02
 -1.3750634e-01
  4.0303597e-01
  1.5169492e+00
 -1.1336850e-01
 -4.3617934e-01
  8.2449198e-01
 -1.6338411e-01
 -6.9140601e-01
 -5.1192516e-01
 -1.4710805e-01
  7.9739982e-01
  6.1985677e-01
 -1.8962069e-01
  2.4456110e+00
 -4.4740385e-01
 -1.5381948e+00
 -9.2284256e-01
  1.0756010e+00
  6.9093835e-01
 -1.2471052e+00
  1.3330525e+00
 -1.3355364e+00
 -3.8033694e-01
 -8.1574269e-02
 -1.9928157e+00
  6.1707646e-01
 -1.9998427e-01
 -1.4820860e-01
 -1.0562428e-01
 -7.5565499e-01
  4.0474731e-01
 -1.1207532e+00
  5.1992124e-01
  4.9403030e-01
 -3.4471816e-01
 -2.9043470e-02
 -2.7350226e-01
 -3.9896145e-01
 -5.3624265e-02
 -9.0159374e-01
 -1.9562336e+00
  4.6395785e-01
  7.8435177e-01
 -1.9621415e-01
  1.8553896e-01
 -6.4357704e-01
 -3.7756341e+00
  1.5864751e+00
  1.1807195e+00
 -1.2711337e+00
  5.4547501e-01
 -2.2394485e+00
 -4.3531215e-01
  7.7449656e-01
  3.4765214e-01
 -3.6800430e+00
 -4.8717824e-01
  2.6412728e+00
  6.9746327e-01
  9.6027255e-01
  3.1422555e-01
 -6.5227097e-01
  2.5249568e-01
  1.5305762e-01
  4.8680380e-01
 -2.0609527e+00
  3.8901317e-01
  1.8225527e+00
  3.9115858e-01
  6.7540276e-01
 -7.6680231e-01
 -2.9214542e-02
 -1.2953077e-01
  4.0389320e-01
 -2.4699262e-01
  3.6358225e-01
  1.0739133e+00
  1.7787157e-01
 -2.5051486e-01
 -4.7991028e-01
  1.5655197e+00
  3.4811085e-01
 -9.4429892e-01
  2.6820564e-01
  1.3107369e+00
 -1.2998692e+00
  1.1645938e+00
  3.4668192e-01
 -2.2916220e-02
 -3.8998610e-01
 -3.8423723e-01
 -2.0743801e-01
  2.3721956e-01
  5.0109124e-01
  5.5297941e-01
  2.3940769e-01
  4.3807718e-01
  3.3247736e-01
 -2.2616357e-01
 -6.1141121e-01
 -2.1859488e-01
  4.6667412e-01
 -1.0342239e-01
  9.7932845e-02
  3.1522483e-01
 -8.0444515e-01
 -2.5118839e-02
  6.2008947e-01
  6.9215214e-01
  1.9930793e-01
 -1.3347802e-01
 -1.9319326e-01
  3.0530325e-01
  3.4782965e-02
  7.3482418e-01
  1.7403832e-01
  1.2377492e-01
 -8.3853376e-01
 -5.7412714e-01
  2.5828895e-01
 -1.8268731e+00
 -5.6824952e-01
  1.5508661e-01
  2.2250971e-01
 -4.8894055e-02
  3.1506726e-01
 -3.7421948e-01
  1.6387895e-01
 -5.2740687e-01
 -9.9197835e-02
  1.0848255e-01
  3.8021746e-01
  3.6449432e-01
 -3.0667010e-01
 -9.2104815e-02
 -5.4283094e-01
 -4.0654499e-02
 -4.4990024e-01
 -6.7150515e-01
 -1.1891307e-02
 -1.2127800e-01
 -1.0033614e-01
 -2.5150749e-01
 -8.7275368e-01
 -9.7505444e-01
  7.0544183e-01
  1.0430598e-01
 -1.4112080e+00
  1.0527675e-01
  7.4730498e-01
  7.7891868e-01
 -4.9821353e-01
  2.7061966e-01
  8.9483452e-01
  4.4990239e-01
 -2.2037725e+00
  5.8430177e-01
  2.1037467e+00
  6.7472184e-01
  1.4066371e+00
 -2.5539333e-01
 -2.7544150e-01
  7.9586136e-01
 -6.5650052e-01
  4.7486684e-01
  2.4457355e+00
  1.9565231e+00
 -1.1534246e+00
 -2.1140425e-01
 -1.4044624e-02
  4.1379161e+00
  5.9354359e-01
  1.1032698e+00
  5.3359497e-01
  7.0496213e-01
  7.8295758e-03
 -1.6907750e+00
  5.7160020e-01
 -8.3769578e-01
  6.4842695e-01
  3.4027037e-01
  1.2003740e+00
 -1.9106562e+00
  2.7364978e-01
  1.4241602e+00
 -1.7086636e+00
  3.7295720e-01
  1.4996013e-01
  3.1940138e-01
  1.5907275e-02
  2.7291337e-01
  1.3443263e+00
  1.4456797e-01
 -9.9485612e-01
 -9.4306029e-02
  3.5536477e-01
 -9.0132020e-02
  4.4342101e-01
  3.2941985e-01
  4.3885013e-01
  1.6718476e+00
 -8.8221610e-01
 -7.6226585e-02
 -5.2171040e-01
  8.6243607e-02
 -1.0995204e+00
  1.8450927e+00
  3.4591686e-02
 -7.5750399e-01
 -5.5553496e-01
 -8.3081841e-01
  6.8939215e-01
 -8.2299304e-01
 -1.7074471e+00
 -3.3761737e+00
 -7.4705601e-02
  8.0118477e-01
  3.3730486e-01
  2.2346105e-05
 -1.4099505e+00
  1.5443058e+00
 -1.9627005e+00
  3.4756148e+00
 -7.4968255e-01
  2.2226058e-01
 -1.3803707e+00
  1.0583022e+00
 -2.5841177e-01
  7.8146791e-01
  2.2328176e+00
  3.4579211e-01
 -7.0956981e-01
 -1.7458393e-01
 -2.0258915e+00
  9.5510864e-01
 -1.2669930e+00
 -4.2319679e-01
  1.4985855e-01
  3.0171773e-01
  2.2787566e-01
  2.8883702e-01
 -1.2461625e+00
  3.9645618e-01
 -1.8855892e+00
  7.3681921e-02
  2.2357492e-01
 -2.3702359e+00
  2.1818379e-01
  2.2638358e-01
 -7.6186597e-02
  7.6347882e-01
  1.6647045e-02
 -1.2456328e-01
  7.1395206e-01
  1.4243954e+00
 -3.8047832e-01
 -4.8461100e-01
  3.1649953e-01
 -2.8505725e-01
 -1.4096148e+00
  5.5090650e-03
  5.8352399e-01
  1.3761863e+00
  2.2664676e+00
 -1.7982236e+00
 -1.1442390e-02
 -2.0735839e-02
 -4.3942505e-01
  5.6152940e-01
  9.5679611e-01
 -1.4360149e+00
  6.7765117e-02
  7.8083944e-01
  1.2780409e-01
 -4.1292623e-01
  1.0170114e+00
 -2.4823640e-01
 -1.4339650e-01
  3.8895521e-01
  1.4638950e-01
  4.4332278e-01
  4.3263307e-01
  2.7924746e-01
 -5.3387320e-01
 -7.4677996e-02
  6.9935217e-02
 -6.8127379e-02
 -4.4230130e-01
 -2.8101200e-01
 -3.2423753e-01
 -1.1719786e-01
  4.0780909e-02
 -5.1462865e-01
 -1.2327975e-01
  1.4227086e-01
 -1.2820964e-01
 -1.2659495e-01
  4.3712935e-01
  4.4927366e-02
 -4.4189942e-01
  1.4404184e-01
 -8.4084362e-01
 -6.9965914e-02
 -2.5661266e-01
 -5.4730773e-01
  1.3989142e-01
 -3.0972314e-01
 -3.8114303e-01
  1.3375107e-02
  9.8169070e-01
  1.1711237e+00
  3.2337090e-01
  2.9539728e-01
  9.8301858e-02
  2.3922087e-01
 -2.9239747e-01
 -7.1465796e-01
  2.0569160e+00
  1.5221494e-01
 -8.0801970e-01
 -2.2853667e-01
 -4.0903082e-01
 -2.2218313e-02
 -6.9698322e-01
  9.4131839e-01
  6.3665912e-02
 -3.8624376e-01
  4.2757630e-01
 -8.4782340e-02
 -6.7482382e-01
  5.2889246e-02
 -4.2527397e-03
  6.2609792e-02
 -6.8841405e-02
 -3.5863706e-01
 -1.9917594e-02
 -6.2014464e-02
  5.6524169e-01
  7.0392027e-02
  4.0862530e-02
  7.8723706e-02
 -3.2433361e-01
  7.9622805e-01
 -1.0253686e+00
  6.0210097e-01
 -1.6797231e-01
 -5.0520688e-01
  3.5604280e-01
  4.0864050e-01
  3.5405391e-01
  2.6666114e-01
  2.3357898e-01
  1.3906544e+00
 -8.9304847e-01
  6.6201127e-01
 -4.1668347e-01
  1.1426216e+00
 -3.3708659e-01
 -7.7262834e-02
 -2.6440206e-01
 -2.1212657e-01
 -7.6530916e-03
 -7.6567042e-01
 -9.9508278e-02
 -6.6889787e-01
 -8.9857325e-02
  3.2588884e-02
  3.7335777e-01
 -5.0171047e-01
  6.1688423e-02
  1.0285110e+00
  2.8221172e-01
  2.2659969e+00
 -8.9389741e-01
 -3.8230207e-02
  7.1916185e-02
 -1.2189555e+00
  4.8602046e-03
 -2.0264304e-01
  9.6966438e-02
  7.6384410e-02
 -2.8837454e-01
  3.8515162e-02
  4.8920006e-01
  5.3488886e-01
 -2.5610876e-01
  3.0618206e-01
  3.2083966e-02
 -1.5567453e+00
 -3.6390311e-01
  1.8638013e-01
  4.9460688e-01
 -1.0436269e+00
  9.1907851e-02
  1.7180662e-01
  3.0093411e-01
 -4.6841598e-01
 -1.0539842e+00
  1.5485434e-01
 -5.2208734e-01
  2.8270268e-01
 -1.0219348e-01
 -2.3947881e-01
  1.4777797e-01
 -7.8956807e-01
 -8.7739170e-01
 -9.3946522e-03
 -1.9734368e-01
 -3.6683756e-01
 -1.1723280e-01
 -3.5331407e-01
  4.4600371e-02
  7.0955008e-01
 -1.3426894e-01
  2.0374794e-02
  1.4121146e-02
  2.0233254e-01
  2.7637601e-01
 -2.7958855e-02
  2.3690708e-02
  8.3469456e-01
  3.6646286e-01
 -8.1173871e-03
 -3.3389246e-01
  6.6485620e-01
  2.5244956e+00
  1.8389205e+00
 -1.6227786e-01
 -2.2803062e-01
 -4.6336347e-01
 -2.8459929e-02
 -3.0636951e-01
  2.6111100e+00
  1.3378779e+00
 -9.1211706e-01
 -9.5023453e-02
  3.1461444e-01
 -1.9859816e-01
  6.0205799e-01
 -3.7098861e-01
  8.6576265e-01
  1.1544769e+00
  6.7844617e-01
  4.2479196e-01
  2.9010653e+00
  6.8125874e-02
 -1.1745785e-01
 -5.4351438e-02
 -8.9955129e-02
  8.6481059e-01
  8.3101636e-01
  1.5248653e+00
 -9.8911874e-02
  2.3961487e+00
 -6.9699275e-01
  6.2355533e-02
 -1.1377336e+00
  6.9406831e-01
  7.6862353e-01
  6.0828865e-01
  8.7624347e-01
 -6.2877834e-02
  4.6345371e-01
  9.2690873e-01
 -2.8763998e-01
 -1.2723866e+00
  1.9407642e-01
 -5.0149068e-02
  6.7062056e-01
 -6.9970655e-01
 -4.0438712e-01
  1.0553023e-01
 -1.9198602e-01
  9.6369886e-01
  3.4425572e-02
  1.3391466e-01
 -5.5961365e-01
 -6.5445751e-02
  1.3424923e+00
  6.7495298e-01
 -9.6292478e-01
  4.9588713e-01
  9.0612091e-02
 -4.3489394e-01
  2.3617062e-01
 -1.4155610e+00
 -1.1406734e+00
 -3.7304051e-02
  4.2274913e-01
  2.6857588e-01
 -8.7290712e-02
  5.3141439e-01
 -1.3793595e-01
  2.4009514e-01
 -4.5035967e-01
 -1.3468203e-01
  1.2602720e+00
 -4.8544568e-01
  5.9783572e-01
  2.4476725e-01
 -4.6055144e-01
 -3.2215211e-01
 -1.0843501e-01
 -2.0481780e-01
 -1.4796045e-01
  2.1388352e-01
  6.8006091e-02
 -9.7173351e-01
  1.0602058e+00
 -4.3181697e-01
 -3.4750161e-01
 -8.0790365e-01
  3.8228728e-02
  3.2105070e-01
  4.8519038e-02
  3.4447840e-01
 -1.6028884e-01
  3.1303945e-01
  1.5776578e+00
 -7.0912832e-01
 -7.8850824e-01
 -5.1165646e-01
 -4.4655651e-02
  1.2123219e+00
 -5.2763987e-01
 -5.8111030e-01
  2.1296526e-01
 -1.1594718e-01
 -4.4141972e-01
  1.9825704e+00
 -1.9980602e-02
  3.9152294e-01
  2.9293707e-01
 -1.2646806e-01
 -1.7775388e+00
 -3.0807173e-01
 -1.8705821e-01
 -4.4546714e-01
 -9.6276850e-03
 -1.5353884e-02
  1.2919250e+00
 -1.9219647e-01
 -2.0935973e-02
  7.5934511e-01
 -1.1736563e-02
  4.9628785e-01
 -2.1098492e-01
 -3.6760262e-01
  3.1202283e-02
  2.1259755e-01
  1.6979229e-01
 -1.5935159e-01
  6.8593482e-03
  2.9880145e-01
  2.5095353e-01
  3.1091301e-02
 -8.5812527e-01
 -7.2572803e-01
 -2.8765045e-02
 -2.9481857e+00
  6.2794292e-01
 -2.0839217e+00
 -6.8742305e-01
 -1.7712490e-01
  4.1408129e-02
 -3.7745602e-02
  2.2362795e-02
  4.9569222e-01
  7.6120235e-02
 -1.0213109e-01
 -4.6020551e-03
  6.6905431e-02
  6.2034357e-01
 -2.0341268e-01
 -9.4231838e-01
 -7.8812981e-01
  4.0795383e-01
 -7.9986557e-02
  2.0756188e-01
 -8.4545771e-03
 -1.2541322e-01
  3.4379256e-01
  1.8855764e-01
 -5.1190507e-01
  2.3880567e-01
  1.1706279e-01
 -1.4636018e+00
  1.9613694e-01
 -2.9845151e-01
  1.9290311e-02
  4.2051461e-01
 -2.6369357e-01
  1.2141963e-01
 -3.4815893e-01
  8.6805224e-02
 -7.5412786e-01
  1.1754957e+00
 -1.4374956e-01
  2.1227871e-01
  2.0477402e-01
  1.3753168e-01
  7.5403750e-02
 -1.0993375e-01
 -9.6922541e-01
 -2.3426764e-01
 -6.1125386e-01
  2.4465163e-01
  7.4936092e-01
  4.3292645e-02
 -1.4995393e-01
 -1.3523353e-02
 -9.7353317e-02
 -2.7836937e-01
 -3.5282868e-01
 -9.4133876e-02
  1.4879432e-01
 -3.8874939e-01
  1.1751308e-01
 -3.1644300e-01
  1.7891020e-02
  4.8842806e-01
  3.8379160e-01
  4.7307275e-02
  4.2363319e-01
  4.7555375e-01
  2.3144158e-03
 -4.0150508e-02
  3.0502738e-02
 -3.2667309e-01
 -2.2012562e-01
  5.8173090e-01
 -3.9010942e-01
 -1.3215023e-01
 -1.5463273e-01
  7.3092446e-02
 -6.7198527e-01
  9.5862406e-01
 -1.0000252e-03
 -4.7284842e-02
  2.2487840e-01
 -9.9488258e-02
  2.9321268e-01
 -5.1142961e-02
 -7.8247261e-01
  4.3333617e-01
 -1.7172396e-01
 -3.8339296e-01
 -1.8176860e-01
 -5.9207028e-01
  7.5710285e-01
 -4.3898621e-01
 -4.1862476e-01
 -3.4770718e-01
  5.5970728e-01
 -4.5499079e-02
  6.9321686e-01
 -1.3731982e+00
 -2.0737979e-01
 -9.7975940e-01
  5.0681967e-02
 -4.8337716e-01
 -2.0574391e-01
  3.6151341e-01
 -3.9591247e-01
 -4.7717798e-01
 -1.9660956e-01
 -8.6774248e-01
  1.9784050e-01
 -1.7692088e-01
 -1.1928085e+00
  5.2864373e-01
  4.2196786e-01
  1.5664661e-01
 -3.1376329e-01
  3.1477317e-02
 -3.7464979e-01
  2.2498111e-01
  3.9062042e-02
 -5.8481014e-01
  3.1941485e-01
 -2.6808143e-01
 -9.6987374e-02
  3.6524022e-01
 -1.7980143e-01
  2.2926301e-01
 -1.7902488e-01
 -3.0393219e-01
  4.8672059e-01
  7.5384277e-01
 -2.2278512e-01
 -1.0068055e-01
  2.2844251e-01
  3.4109464e-01
  4.7035658e-01
 -7.0499182e-01
 -2.1532454e+00
 -2.3577018e-01
  3.1088445e-01
 -2.4144356e-01
  3.4158620e-01
 -3.3431664e-02
  1.6305556e+00
  1.4816156e-02
 -2.2307628e-01
  7.2837687e-01
 -1.0286263e+00
  1.4721155e-01
  1.0881867e+00
 -1.0235480e-01
 -1.4367571e-01
  4.0431082e-01
  7.6939112e-01
 -1.7591195e+00
 -9.9843127e-01
 -9.2327178e-01
  1.2808416e+00
 -3.0143452e-01
  2.2476919e+00
  5.1603776e-01
 -1.3658562e-01
 -3.1635904e-01
 -8.6028445e-01
 -3.1776813e-01
  2.4105313e-01
 -1.4563103e-01
  2.4538706e-01
  1.0809455e-02
  9.3841207e-01
  6.5360807e-02
 -3.2819721e-01
 -5.7286686e-01
  5.3852309e-02
 -1.1149061e-01
  3.4103850e-01
 -3.1075144e-01
  7.2226331e-02
 -3.1042522e-01
 -7.5476103e-02
  1.0406667e-01
 -4.6917486e-01
 -2.2088763e-01
 -1.4017309e-01
  3.8409770e-01
  1.7429863e-01
  9.4055228e-02
 -2.6346910e-01
  1.4955987e-01
 -2.8266677e-01
  5.0531544e-02
  4.8101828e-01
  6.6922760e-01
  4.8482907e-01
 -2.6243675e-04
 -2.0271915e-01
  1.4583449e-01
 -1.1059047e-01
  6.0115868e-01
  1.0398673e-02
 -3.6239243e-01
  1.4346337e-01
  3.1318709e-01
 -1.1361696e-01
 -2.7936962e-01
 -3.5066798e-01
  1.2310850e-01
 -2.3821655e-01
  3.8200518e-01
 -3.5827312e-01
  1.0460521e-01
  3.2379325e-03
 -5.7536874e-02
  3.4504618e-02
 -7.9131901e-02
  3.0903983e-01
 -4.0705130e-01
  2.3974448e-01
  2.8582206e-01
 -4.0566576e-01
  5.0247091e-01
  6.1644625e-02
  5.5182401e-02
 -6.5327740e-01
 -4.1819289e-01
 -8.0177471e-02
  3.6859330e-02
  6.4728808e-01
 -2.3076713e-01
 -2.1326382e-01
 -8.4237808e-01
 -4.6164934e-02
 -7.1343832e-02
 -2.4279772e-01
 -1.0698162e-01
  2.3275854e-01
  6.5258288e-01
 -2.2038586e-01
  1.1021870e-01
  4.3889114e-01
  3.9684489e-02
 -3.9829552e-02
 -3.6816344e-02
 -8.6611129e-02
 -1.5113280e+00
 -4.8098313e-03
  2.1732452e+00
  1.9733645e-01
  1.8571438e-01
 -2.4997258e+00
 -1.4613349e+00
 -6.5332699e-01
  7.0245707e-01
  7.5666475e-01
 -1.4493570e+00
 -3.0909011e+00
 -2.6580794e-02
  5.2108520e-01
 -1.7761813e-02
 -1.0877755e-01
  1.3813217e+00
  5.2890140e-01
  1.7163461e-01
  4.3803731e-01
  4.5041531e-01
  1.2775747e-01
  1.3687184e-02
 -8.9432374e-02
  1.4837068e+00
  6.8853736e-01
  4.4100354e-03
  4.9011731e-01
  1.3059554e-01
 -5.4865804e-02
 -5.3245002e-01
  2.4731319e-01
  2.7172625e-01
  6.6695891e-02
  5.5383995e-02
  1.1085252e+00
  5.3930694e-01
  6.3794249e-01
  1.2869889e-01
  1.8891978e-01
  2.3885122e-01
 -1.9603942e-01
 -3.5598800e-02
 -7.9491097e-01
  5.1100677e-01
 -2.2872885e-01
 -9.9126279e-02
  5.1391429e-01
  6.8892455e-01
  1.6344866e-01
  2.5223908e-01
 -1.3853943e-01
 -2.8121889e-02
  3.8785937e-01
  3.8933799e-02
  2.0917168e-01
  1.9804714e-02
 -1.0111712e+00
  5.3056091e-02
  1.3236691e-01
  2.6239809e-02
  2.1904461e+00
 -1.4768866e-02
 -5.8562338e-01
  1.1565446e+00
  9.6995276e-01
  6.3966952e-02
 -4.9951974e-02
  5.7855099e-01
  5.6587899e-01
 -7.6219305e-02
  2.3982607e-02
  4.5451023e-02
 -6.7708910e-02
  2.6103279e-01
  2.9826857e-02
  7.7415635e-03
 -1.4554970e-01
  9.4446206e-01
  7.1602666e-01
  1.1967675e-01
 -5.6462038e-02
 -4.8484679e-02
  3.5452172e-01
 -8.8317823e-01
 -3.2745317e-01
  1.2879002e-01
  3.1118891e-01
 -2.0368753e-01
  4.1404352e-02
 -4.9297206e-02
  3.4822214e-01
 -1.9406053e-01
  1.0937153e-01
 -2.2490636e-01
  4.4852620e-01
  1.9513957e-02
  2.7690062e-01
 -7.3625499e-01
 -7.5669754e-01
 -8.4171510e-01
  1.4871888e+00
 -1.0000491e-01
  5.4481953e-01
  5.3712875e-01
  2.4749099e-01
  5.9681094e-01
 -9.7151297e-01
 -3.0928442e-01
 -6.3456219e-01
 -1.1288808e-01
 -1.0270163e-01
  1.9405757e-01
 -4.3470579e-01
 -6.4655590e-01
 -4.5901570e-01
 -6.1722773e-01
 -1.1465732e+00
 -1.3506831e-01
  1.0087150e-01
  3.0935311e-01
  5.8956176e-02
 -5.7683460e-02
 -3.9367744e-01
  2.8103301e-01
  1.3060512e-01
 -2.9560173e-01
 -3.5583481e-01
 -8.9448994e-01
 -3.3107546e-01
 -2.0561165e-01
 -4.4673780e-01
  3.0007425e-01
 -2.0047201e-01
  5.7346910e-02
 -1.2483814e+00
 -3.9401925e-01
 -3.7820300e-01
 -8.0803812e-02
  3.1374186e-01
  1.8040708e-01
  2.4492364e-01
 -2.4281515e-01
 -2.0007971e-01
 -7.6741308e-01
 -1.1769379e+00
  2.4847141e-01
 -4.9326979e-02
  1.1763977e-01
 -2.8022456e-01
  3.6192756e-02
  1.1229050e+00
  1.0993809e-01
  4.1387630e-01
 -5.6538556e-02
 -6.7855018e-01
 -3.6722988e-01
  4.8972306e-01
 -1.0921837e+00
 -2.9516152e-01
 -5.9619385e-01
 -7.3301715e-05
 -2.9136229e-01
  7.8329556e-02
 -2.0393002e-01
  9.6165067e-01
 -4.9574241e-01
 -1.2582575e-01
  8.1884867e-01
  4.4394031e+00
 -3.2095453e-01
  3.0146798e-02
  4.5749870e-01
  4.4302326e-01
  4.7720385e-01
  4.8187834e-01
  8.4897816e-01
  1.4086616e-01
 -6.5285397e-01
 -4.9574474e-01
 -2.3887652e-01
 -2.0460048e-01
  1.8114193e-01
  8.6560041e-01
 -3.1527642e-02
  2.8635246e-01
 -1.9920325e+00
 -1.8604718e-01
 -2.4766859e-02
  5.7575029e-01
  4.0335807e-01
  6.4489931e-01
 -9.7510591e-02
 -2.4892338e-02
 -5.6935549e-01
  1.4491057e-01
  2.4041529e-01
  4.2077079e-01
  8.4020883e-02
  1.3436586e-01
  1.4956545e+00
  3.5897288e-01
 -1.3583250e-01
  1.1139085e-02
  3.3804201e-02
 -5.6577384e-01
 -1.2639688e-01
  2.1440351e-01
 -5.7938528e-01
 -8.6655311e-02
 -3.7458467e-01
  4.3706921e-01
  5.3603971e-01
  4.9189112e-01
  3.7927681e-01
 -3.8966373e-01
  1.7354677e+00
  1.0252408e-01
  3.6693063e-01
  4.0295407e-01
  4.2285967e-01
 -1.1317544e-01
  7.6927077e-03
  1.9312921e-01
 -1.3198832e-01
  3.6293241e-01
  3.1116727e-01
 -5.3510040e-01
 -1.1789531e-01
 -5.9044987e-01
 -5.1052314e-01
 -1.2065546e-01
 -5.9423532e-02
  1.0619669e+00
  4.3262058e-01
  1.1072601e-01
 -6.9400930e-01
  2.1170637e-01
 -8.5153490e-02
  1.1352145e-01
  1.5654171e-01
  1.0930209e+00
  5.6312621e-01
  3.5870466e-02
 -8.4297113e-02
  2.9201603e-01
 -2.4073231e-03
  1.1172722e-01
  2.6781505e-01
  2.3241347e-02
 -9.6536465e-03
  4.5289034e-01
  1.1277940e-01
  3.9817360e-01
 -1.5937269e-01
 -2.9367590e-01
 -2.5263569e-01
 -1.0972428e-01
 -9.3671262e-02
 -3.0465752e-01
 -1.7637193e-01
  1.8446875e-01
 -2.3262037e-01
  2.9640999e-01
  2.3750514e-01
 -4.4643983e-02
  1.7722853e-01
 -7.2466618e-01
  4.9747586e-02
 -2.0595983e-01
 -3.2485086e-01
 -3.4596816e-01
  8.0210114e-01
  9.1027282e-02
 -8.6829156e-01
 -4.7684934e-02
  7.5600284e-01
 -5.8204442e-01
 -2.5974455e-01
  1.0034810e+00
  4.6838352e-01
  2.1443512e-01
  3.5143614e-01
 -1.8696469e-01
 -6.7949958e-02
  3.6239266e-02
  2.7607176e-01
  2.1827641e+00
  2.9077747e-01
  1.5184207e-02
  3.3773768e-01
  8.2338667e-03
 -5.0182801e-01
 -3.9395684e-01
  2.3038883e+00
  6.0165447e-01
  3.6654684e-01
  4.1200230e-01
  2.3814462e-01
  1.2762912e-01
 -3.4429488e-01
  5.8546517e-02
 -2.1002735e-01
 -9.8614402e-02
  8.7086463e-01
  1.6511121e-01
  7.4087732e-02
 -1.6251653e-01
  4.8826697e-01
  2.4107268e-02
 -4.0924966e-01
 -1.5181704e-01
  1.3377792e-01
  2.1264915e-01
 -2.4188261e-01
 -1.4452250e-02
 -2.2488719e-01
  4.1188285e-01
  6.9394045e-02
  6.7527789e-01
  1.4031696e-01
 -1.1280653e-02
 -1.4179906e-01
  5.3539921e-02
  1.9870487e+00
  2.7444544e-01
 -1.6681752e+00
 -2.3511954e-01
 -4.8545173e-01
  5.2168160e-03
  1.0191652e+00
  3.3353353e-01
 -3.7266952e-01
 -2.6782420e-02
  4.5526180e-01
  6.8226063e-01
  5.0376189e-01
  3.8645753e-01
 -5.6362670e-02
  1.5557045e-01
 -8.3905131e-01
 -1.5055464e-01
  8.4499577e-03
 -8.8980339e-02
  5.0973725e-01
  5.1378784e+00
 -1.7745751e-01
  4.7092578e-01
 -1.3582127e-01
 -1.6989437e-01
  2.9897219e-01
  1.9642226e-01
  1.0085391e-01
 -1.5982755e-01
 -4.0977100e-01
 -4.8600057e-01
  1.1449088e+00
  2.4604985e-02
 -4.5008812e-02
 -6.3629173e-02
 -1.9775824e-01
 -2.6188064e-01
  1.1536829e-01
  8.6310011e-01
 -6.2176261e-02
 -1.0198607e+00
  2.6171795e-01
 -1.4813215e-01
  3.9806582e-02
  8.1259245e-01
  1.9577868e-01
  2.4638802e-02
 -5.0472815e-02
 -7.2719443e-01
  4.8826647e-01
 -5.9532680e-02
 -1.7285882e-01
  6.1692756e-01
  6.2021261e-01
 -8.4491915e-01
  1.4775190e-01
 -1.1269536e+00
  2.7862433e-01
 -7.2738981e-01
  1.6026545e+00
  1.0085857e+00
  1.3004548e-03
  2.0308864e-01
  5.2857238e-01
 -9.7039336e-01
 -2.4092045e-01
  3.1648701e-01
  7.5806916e-01
  2.0585904e-01
 -5.8312170e-02
  5.8865461e-02
  4.9831033e-01
  1.6080686e-01
  1.3816341e+00
 -8.9489704e-01
  1.8482015e-01
  3.9106932e-01
 -7.2691649e-02
 -5.6392896e-01
 -5.9862411e-01
  5.7989305e-01
  2.3786657e-01
 -2.7160445e-01
 -1.4305450e-01
 -3.1983271e-01
  2.0148943e-01
  3.5529953e-01
 -1.4742264e-01
  9.2774704e-02
  2.4203159e-01
 -6.0536408e-01
  1.1692771e-01
 -3.8390166e-01
  2.6651385e-01
  2.1233392e-01
  2.1999195e-01
  3.8845800e-02
  1.6048891e-02
 -7.7507034e-02
  4.3130401e-01
 -1.2026842e-02
  1.1204805e-01
 -1.9022042e-01
 -4.0798742e-01
  8.6775964e-01
 -1.8890089e-01
 -1.2847374e-01
  1.5555490e-02
  1.1137484e+00
  1.8412611e+00
  8.1865095e-02
 -7.5048327e-01
  6.5980548e-01
 -2.4477208e+00
  7.5474483e-01
  1.3645746e+00
 -6.4280130e-02
 -3.8165063e-01
 -2.6952651e-01
  4.9736276e-01
 -1.7171234e-01
  2.2761013e-01
 -6.6124088e-01
  6.2555701e-02
  4.6110371e-01
  8.9414649e-02
 -5.3535059e-02
 -1.6298069e+00
  1.2429516e-02
 -3.7367180e-01
  3.6122647e-01
  1.7166519e+00
 -3.2894093e-01
 -1.2184434e-01
 -1.1447738e+00
  3.1305951e-01
 -2.9682922e+00
  1.4222540e-01
  6.3668245e-01
  7.3301530e-01
  3.9365783e-02
 -1.7643914e-01
  1.7943676e-01
 -5.8673471e-01
  1.8255292e-01
 -6.5891325e-01
  9.1416812e-01
  1.0900308e+00
 -2.8316328e-01
  2.8398629e-02
  6.7735724e-02
  3.8752761e-01
  5.5590826e-01
  3.0938506e-01
  9.1082579e-01
 -8.2985342e-02
  7.5123474e-02
  1.7343326e+00
 -8.8354319e-01
 -3.5014033e-01
  6.3064821e-02
 -1.7701180e-01
  1.1712589e+00
 -2.7998224e-01
  4.7119448e-01
 -4.9408215e-01
 -1.3280331e-01
  1.1005484e+00
  2.4960518e-01
  1.0949636e-02
  1.5575995e-01
 -1.4950715e-02
  1.1620666e+00
  2.2582117e-02
  3.3387937e-02
  8.3343819e-02
 -3.6890259e-01
 -3.9329726e-02
 -9.5722312e-01
 -7.3277998e-01
 -2.5968598e-02
  5.3852695e-01
 -7.8603703e-01
 -1.0095942e-01
 -5.5825227e-01
 -4.5265973e-02
 -2.0598046e-01
 -5.3745210e-02
 -2.8435072e-01
  3.8596255e-01
 -8.3619487e-01
 -4.0879834e-02
 -3.1583846e-01
  5.1500130e-01
 -2.1210165e-01
  4.7421303e-01
  1.9264896e-01
  2.7544546e-01
  1.1538454e-01
 -7.8295395e-02
 -1.1778244e+00
 -1.7549576e-01
  7.2332494e-02
 -1.1101589e-01
 -4.2224994e-01
  1.0639060e+00
  2.6344246e-01
  1.7106980e-01
  1.4355201e-01
 -2.5984815e-01
  3.9208838e-01
 -4.0522906e-01
 -8.1971757e-02
 -5.5586807e-02
  1.1667763e-03
 -1.0032737e+00
 -6.7562354e-01
  3.3683017e-01
 -5.5747837e-01
  3.8665703e-01
  3.7472218e-01
 -1.3174069e+00
 -1.5781578e-02
  3.6105835e-01
 -3.1015593e-01
 -3.8573152e-01
 -6.7129120e-02
  7.6970115e-02
 -7.5237632e-01
  4.0681297e-01
 -1.7492925e-01
  4.8054057e-01
 -6.9025889e-02
 -1.1186247e-02
 -3.0995050e-01
  7.4516498e-02
 -3.0010247e-01
 -1.1439996e+00
  6.6863269e-01
 -5.6669503e-02
  2.2603567e-01
 -1.0580786e+00
 -5.9496745e-02
  1.7805366e-01
  2.4208110e-02
 -2.4763036e-01
  4.8650959e-01
 -1.8368445e-01
  9.7882378e-01
 -8.4058791e-02
  4.7728479e-01
 -8.2348800e-01
 -3.6827853e-01
  6.3863552e-01
 -1.9778152e-01
  1.0832276e-01
 -2.0575540e+00
 -2.2428524e-02
  3.6462131e-01
 -7.1188388e-03
  2.0273240e+00
 -4.4467103e-02
  4.0915021e-01
 -3.7623712e-01
  3.7442058e-01
  8.1409924e-02
  6.8601328e-01
  1.7572977e-01
 -3.6572438e-01
  1.5324489e+00
  1.4607894e-01
  7.7266759e-01
  3.3859042e-03
  5.1870376e-02
  8.7920558e-01
 -2.4228683e-01
 -2.3699023e-01
 -5.4359883e-01
 -2.6839897e-01
  6.4243191e-01
 -3.8838811e-02
  1.7660504e-02
  1.2763323e-01
  6.9688267e-01
  2.7877221e-01
  2.2716029e-01
  2.1997187e-01
  4.5090526e-01
  2.0240898e-01
 -4.3306980e-01
  2.6449809e+00
 -7.4077882e-02
  7.5666852e-02
  1.0992023e-01
  7.2310530e-03
  3.9152853e-02
 -4.4540989e-01
 -1.7282936e-01
 -8.0282104e-01
  1.6158681e-02
  4.8119736e-01
 -1.5398559e-01
  1.7719578e-02
  7.9175439e-03
  3.9605191e-01
 -1.6952541e-01
  6.1974585e-01
 -4.0231355e-02
  6.2898028e-01
  1.2615802e+00
  3.4849149e-01
 -4.7393316e-01
  5.3898317e-01
  9.6188016e-02
 -3.9875084e-01
  1.2290478e-01
  3.9803547e-01
 -2.0680691e-01
  2.2852409e-01
  2.4022517e-01
  1.6232610e-02
 -1.9046670e-01
 -1.1138136e+00
 -8.1619427e-02
 -6.6030212e-02
 -1.0077918e+00
  6.5975195e-01
  5.0925436e+00
 -2.9523215e-01
  2.4522910e-02
  3.8687539e-01
  1.4042005e-01
  3.7838620e-01
  8.1233487e-02
 -1.2956926e-01
  6.7004037e-01
 -2.7159965e-01
 -2.3034897e-02
  8.0337906e-01
  5.6570456e-03
 -2.8015801e-01
  8.3602548e-02
 -1.9176437e-01
  9.4139963e-01
  1.6175398e-01
  1.7112662e-01
  2.1118386e-01
 -1.3119391e+00
  5.3912485e-01
  6.5994245e-01
  2.2978856e-01
  8.6264879e-02
 -7.7612287e-01
 -5.1501244e-01
  4.6850842e-01
  4.0373006e-01
  2.2548942e-01
 -2.0662481e-02
  9.8936826e-02
 -4.2487928e-01
  3.5167474e-02
 -3.0763844e-01
  1.6899514e-01
  9.0339577e-01
 -5.0480735e-01
 -2.4777710e-01
 -2.9938021e-01
 -2.0816995e-01
  1.0109824e-01
 -1.4509895e-01
  1.0720617e-01
 -9.3469751e-01
 -5.9862918e-01
  3.3905956e-01
  2.5626668e-01
  1.2748903e-01
  8.1780039e-02
  1.2002019e+00
  2.1518774e+00
 -4.1856390e-01
 -1.4087204e+00
  1.2027667e+00
 -1.9313722e+00
  3.5830025e-02
  2.2822859e+00
 -2.3913257e+00
 -2.2802785e-01
 -6.4864928e-01
  2.2991514e+00
 -1.7807809e+00
 -2.4057743e-01
  6.9355443e-02
 -2.3156790e-01
 -1.1701810e-01
  2.7642944e-01
  6.9655645e-01
 -5.9707320e-01
  1.3541460e+00
  4.0403664e-01
 -1.7621535e-01
  1.7249058e-01
 -8.7172672e-02
 -1.0471824e-01
  1.1435329e+00
  1.4356223e-01
  2.4137758e-02
 -3.0123565e-01
 -9.0672994e-01
  7.8443013e-02
 -1.3127366e-01
  4.2229334e-01
 -3.4354761e-01
  2.2771201e-01
  2.2204734e-02
  2.9848155e-01
 -1.0513844e-01
 -2.3125197e-01
 -2.6042855e-01
  3.2204140e-02
 -4.3095428e-02
  6.6967350e-01
  2.0769309e-01
  2.1423443e-01
 -2.6038623e-01
 -7.2367203e-01
 -2.7948317e-01
 -3.5970837e-01
 -2.6710165e-01
  3.7418947e-01
 -3.0226427e-01
 -7.6658744e-01
  4.7060505e-01
 -8.2758754e-01
 -2.6628056e-01
  6.5258849e-01
 -9.6030730e-01
  4.8387267e-02
  3.0794826e-01
  4.1392380e-01
 -1.7292304e-01
  5.2011050e-02
 -1.8127216e+00
  2.0494978e+00
  2.8081882e-01
  1.0376493e-03
  1.2905209e-01
 -2.7753213e-01
 -8.5702367e-02
 -2.8995681e-01
  1.7536689e-01
 -7.5547749e-01
  1.9092910e-01
  5.1742778e-03
  4.0221628e-02
 -3.9811206e-01
  4.9823332e-01
 -2.1850541e-01
  5.7107937e-02
  5.5437750e-01
  1.7698994e-01
 -4.1323945e-01
  1.8848751e-01
  2.0147941e-01
 -3.7220711e-01
  2.1144882e-02
  2.0941594e-01
 -4.5089063e-01
  4.2896402e-01
  1.0605553e+00
 -1.9083832e-01
 -5.4845173e-02
  5.2369356e-01
  2.5223661e-04
  1.5280468e+00
  5.4216534e-01
  3.6968547e-01
 -3.5842171e-01
 -2.5378743e-01
 -4.8875704e-02
  9.1958098e-02
  6.0487652e-01
 -2.5080711e-01
 -3.9322283e-02
 -1.6456852e-02
 -2.6880202e-01
 -2.8913540e-01
 -9.6904808e-01
  2.8591922e-01
  4.4471362e-01
 -2.1379490e-01
  2.1096422e-01
  2.6064432e-01
 -2.8396118e-01
  1.1926668e+00
 -3.7130833e-01
 -6.3421756e-01
  3.5796195e-01
 -4.8873484e-01
 -2.8116636e-02
 -9.1558528e-01
 -1.4816935e+00
 -1.3172445e+00
 -4.5580831e-01
  3.2944638e-01
  2.8854683e-01
 -7.9779491e-02
  3.8510761e-01
 -1.0635908e-01
  1.8894301e-01
  2.3121244e-01
  4.9248451e-01
  1.2802126e-01
 -2.5482655e-01
  1.3567331e+00
  4.2694520e-02
  3.7609141e-02
 -9.9768080e-02
 -7.1710646e-01
  3.3106685e-02
  2.0946276e-01
  1.4041142e-01
 -2.6008543e-01
  1.0446607e+00
  3.1853601e-01
 -3.1140974e-01
  5.3150082e-01
  6.8012170e-02
 -1.4743127e-01
  4.5985639e-01
 -1.6380711e-02
  2.6253082e-02
  2.6391525e-02
 -6.3230306e-01
  9.7883143e-04
 -4.0944403e-01
 -1.6079350e-01
  4.2059571e-01
 -7.3447274e-03
  3.5381982e-01
 -2.9615667e-01
 -2.4895087e-01
 -4.1158345e-01
  1.7450741e-01
  3.8659814e-01
  1.9634725e-01
 -8.1778906e-02
 -2.1394810e-01
 -1.8969882e-01
 -6.3124909e-03
 -2.8158432e-01
 -1.2174977e-01
  2.5653329e-01
  9.8407799e-01
  1.2642117e-01
  3.1810563e-02
 -2.0912425e-01
  3.7595294e-02
 -5.7159501e-01
 -3.0146050e-01
  3.9844137e-01
  1.5476333e-01
  3.3424100e-01
  1.6538602e-01
  8.1278825e-01
 -7.8738087e-01
 -1.0284338e+00
 -2.8280285e-01
 -1.2146700e-01
  4.2492285e-01
  4.3240916e-02
  8.4169373e-02
 -6.5266275e-01
  7.4862844e-01
 -5.1378965e-02
  2.7660806e-02
  1.5630388e-01
 -2.8557783e-01
  2.3747341e-01
  1.7448337e-01
  3.4617063e-01
 -5.0304007e-02
 -5.4115050e-02
 -6.2951788e-02
  5.0956666e-01
  2.4756625e-01
  5.5721056e-01
  1.1724331e+00
  4.6567306e-01
 -1.6066806e-01
 -1.5205564e-01
 -3.1772521e-01
 -5.8625978e-01
  2.7851936e-01
 -2.3632310e-01
  1.8103701e-01
  1.9333947e+00
 -2.5065114e+00
  1.8686837e-01
 -3.1776127e-01
 -6.6035342e-01
 -2.9380927e+00
  3.2884398e-01
 -8.7297089e-02
 -1.2144092e+00
  3.8499966e-01
 -3.3269528e-01
 -1.3953702e-01
  5.7605344e-01
  5.2562571e-01
  2.3682569e-01
  3.7915891e-01
 -4.2694658e-01
 -1.2424061e+00
  4.5985889e-02
 -2.6293883e-01
 -1.8976985e-02
  7.5902590e-03
  1.8897483e+00
  5.1003677e-01
  1.4467444e-01
 -3.3109728e-01
  4.6955821e-01
 -6.1579221e-01
 -1.1069817e-01
  3.6159226e-01
 -6.0459906e-01
  7.0366353e-01
  4.0134257e-01
  3.2043964e-01
  8.6367822e-01
  3.9092954e-03
 -2.0210606e-01
 -9.4379030e-02
  5.6638813e-01
  4.9117380e-01
 -2.7086568e-01
 -2.1835843e-01
  2.3132132e-01
  3.0677214e-01
  1.3259238e-01
  5.8207098e-02
  1.4354201e-01
  3.5399690e-01
 -7.7613443e-02
  3.0096650e-01
  4.1488223e-02
  2.4708886e-01
 -1.1726279e+00
  3.2076719e-03
 -2.6826340e-01
  1.0324216e+00
  5.0367647e-01
 -1.9937348e-01
 -3.3834460e-01
 -1.1852372e-01
 -4.8544642e-01
  8.9439058e-01
 -9.0915291e-03
  1.3649248e+00
 -3.0018014e-01
  1.0341679e-01
 -9.4360299e-02
 -4.0099259e-02
  1.0104458e+00
  2.1854189e-01
  7.5128727e-02
  3.9658535e-01
  1.6859168e+00
  5.2458167e-01
  5.0802910e-01
 -7.2044864e-02
 -3.6147618e-01
 -2.9668459e-01
  5.6406211e-02
  4.3921444e-01
  3.8994896e-01
  7.6729244e-01
 -1.4779460e-02
 -1.0281818e-01
 -6.7902692e-02
  3.3350047e-01
  7.2871581e-02
 -1.5887380e-01
  1.0997527e+00
  3.5213399e-01
  4.1502655e-01
  6.3656181e-01
 -2.3966046e-01
  5.4279643e-01
  4.7905195e-01
  6.6634402e-02
  9.0075910e-01
 -3.0555397e-01
 -1.6249959e-01
 -8.2377754e-02
 -4.0594134e-02
  1.9720571e-01
 -1.9894917e-01
  7.7710813e-01
 -5.4358006e-01
  2.7172488e-01
  5.4481918e-01
 -2.8556319e-02
  6.1839908e-01
 -2.6924813e-02
  1.0688105e-01
  5.4472905e-01
 -7.1857266e-02
  7.4368864e-01
  3.5395774e-01
 -1.0905983e-01
  1.4664610e-01
 -8.0810630e-01
 -2.7175066e-01
 -5.8434866e-02
  3.7094951e-02
  6.1364055e-01
 -1.5140861e-01
  6.0781336e-01
  1.8835030e-02
 -5.4485852e-01
 -2.2737814e-01
 -5.1969666e-02
  1.5486765e-01
 -6.4481229e-01
 -2.2214437e-01
 -3.9471716e-02
  1.6661133e-01
 -1.3755488e-01
 -3.8454223e-01
 -9.9212833e-02
 -4.5583416e-02
  1.7467698e-02
 -1.3027790e-01
 -1.3393735e+00
  1.8294720e-02
  1.1848975e+00
 -2.8966689e-01
  4.8876435e-01
 -4.0619060e-01
  5.8804178e-01
 -4.9719611e-01
  9.4072616e-01
  2.1732670e-01
 -2.5318014e-02
 -2.6238713e-01
  4.4278698e-03
 -1.7507572e-01
  1.0534673e+00
  2.9081177e-02
  6.7931175e-01
 -1.9216822e-02
 -1.3607494e+00
  2.7832299e-01
  8.6780079e-03
 -2.8546135e+00
  3.5209179e-01
 -1.2946364e-01
 -2.3530743e-01
 -8.2282223e-02
 -3.2164645e-01
 -9.8280174e-01
 -3.0553281e-01
  2.2507866e-01
  4.2630294e-01
  1.7103572e-01
  4.7674134e-01
 -1.6073205e-02
 -6.9151086e-01
  1.9693634e-01
  2.5619566e-01
  4.7943914e-01
 -6.2859303e-04
  2.1256727e-01
 -4.5670861e-01
  6.8287945e-01
  4.5487216e-01
  1.3179855e-01
 -1.1568203e-01
 -5.1196861e-01
  1.3376738e-01
  8.2157422e-03
  7.4332339e-01
 -2.6278633e-01
 -2.5659236e-01
 -1.4292015e-01
  1.8994048e-02
 -4.6891668e-01
  4.8287588e-01
  3.0876476e-01
  5.3423826e-02
 -3.7678742e-01
  1.2039642e+00
  5.3350213e-03
  2.0470433e-01
  1.6602498e-01
 -3.5736153e-01
 -5.6665763e-02
  1.0231483e+00
  7.6074123e-02
 -2.1088775e-01
  7.2430044e-02
 -2.3406560e-02
 -7.4285889e-01
  3.6757141e-01
  1.9661969e-01
  1.0429195e-01
  4.7520967e-03
 -7.9620993e-01
  5.8988792e-01
  1.6310027e+00
  4.6268034e-01
 -1.1534978e-01
  1.1223056e+00
 -5.2895677e-01
  2.5135577e+00
  1.7596388e-01
  5.7013899e-02
  1.7088731e-01
 -7.9913311e-02
  4.1043687e-01
  3.4323624e-01
 -4.3030478e-02
  2.9792400e-02
 -2.1140437e-01
  6.7747509e-01
  8.0925509e-02
  9.5505172e-01
 -9.1567850e-01
 -5.1399970e-01
  7.7652180e-01
 -3.3474526e-01
 -4.3220958e-01
  4.1831079e-01
  1.1248539e-01
  2.8534162e-01
  6.3757610e-01
 -2.0927230e-01
 -2.3229802e-01
  5.1569158e-01
 -7.6554611e-02
 -2.7588707e-01
 -3.5640788e-01
  2.5890276e-01
  5.7765350e-02
  1.5307444e+00
 -7.0506763e-01
  8.6831152e-01
  1.4393434e-01
  5.2356976e-01
 -4.8899472e-01
 -9.0077204e-01
  2.4238695e-01
  5.7901144e-01
 -4.7058618e-01
 -8.1010774e-02
 -1.2367053e+00
 -1.8558073e-01
  2.4906479e-01
 -8.2330503e-02
  4.0763587e-01
  4.7469774e-01
  9.5053315e-02
 -3.6116409e-01
 -2.3517427e-01
  1.5323057e+00
  2.2512915e+00
  7.6530218e-01
  1.1329453e+00
 -1.0103674e+00
  5.8932030e-01
  1.2515745e-01
 -1.0624537e+00
 -1.3819426e-01
  3.9651659e-01
 -1.4574304e+00
  5.4624915e-01
 -4.7977406e-01
 -1.0271555e-01
 -4.4886816e-01
 -1.8333232e+00
  8.4872049e-01
  9.1061330e-01
  8.0123946e-02
 -1.9580591e+00
  2.4825541e-02
 -5.2399129e-01
  1.0524825e+00
  1.5652002e+00
  2.2359782e-01
 -1.0384073e+00
  8.2432932e-01
 -9.0187854e-01
  6.1044544e-02
  1.1095695e+00
  4.0504247e-01
 -7.2959048e-01
 -3.7840998e-01
  8.1280661e-01
  7.9873866e-01
 -4.6092644e-01
  5.5707103e-01
  1.6457703e-02
  2.1781430e-01
  2.4704595e-01
 -6.1813331e-01
  2.0043799e-01
 -1.3112104e+00
  5.6522709e-01
  1.7472729e-02
 -2.6451737e-01
  2.2361010e-01
  1.0174478e+00
 -4.1879618e-01
  4.2746831e-02
 -2.0482042e-01
 -3.7012225e-01
 -4.8219759e-02
  1.1129370e+00
 -1.1190352e+00
 -6.2057215e-01
  3.8086485e-02
 -2.1131928e+00
  4.5942581e-01
  3.8495131e-02
  1.9175328e-02
  5.5302584e-01
  7.6837480e-01
  1.0333609e-01
 -2.4463971e+00
 -2.7893579e-01
  1.2701532e+00
  1.1720744e+00
  2.9294884e-01
  1.8641174e-01
  2.4874192e-01
  3.3852619e-01
 -2.6664689e-01
 -1.3024791e-01
 -1.1888555e+00
 -4.4799480e-01
 -2.3525281e-01
 -2.0348138e-01
 -6.9063669e-01
  1.3800976e+00
 -9.4843733e-01
 -9.5848972e-01
 -1.2642405e+00
  1.0309113e-01
  8.6966628e-01
  1.2042037e-01
  1.9358670e+00
  1.1186050e+00
 -4.9847182e-02
  9.6705991e-01
 -7.1532285e-01
 -5.5408937e-01
 -2.4235329e-01
 -2.1232703e+00
 -2.0924058e+00
  8.3318818e-01
  1.2010660e+00
  2.5390255e-01
  3.8034454e-01
  1.3637751e+00
  1.2902144e-01
  1.3802211e+00
 -4.9668320e-02
 -1.7065397e-01
 -3.5070775e+00
  6.8046284e-01
  3.6069841e+00
  2.9425269e-01
 -1.3758016e+00
 -1.0991235e+00
 -1.1374671e+00
  2.5164881e+00
  1.0182511e+00
 -1.9811864e-01
  4.6193314e-01
  2.2110021e-01
  2.0374268e-01
  2.3148324e+00
  4.5872650e+00
 -3.2001269e+00
  1.8353927e+00
 -1.4208020e+00
 -7.6043550e-03
  7.3308861e-01
 -3.2935202e-01
 -6.4747041e-01
  8.6699581e-01
  2.5666800e+00
  1.4757335e-01
  2.6650541e+00
 -1.3677299e+00
  2.8795865e-01
  1.4914380e+00
  5.8335644e-01
  3.7218854e-01
 -3.2679381e+00
  3.6708319e-01
 -4.7285518e-01
  3.7064534e-01
  2.0961680e-01
 -2.0126824e-01
  1.1018492e-01
  7.6768154e-01
 -1.0678719e+00
  2.1960468e+00
 -7.3471934e-01
  2.6698234e+00
  1.5068485e+00
  1.7984079e+00
 -6.9176960e-01
  1.6454889e+00
 -1.8594337e+00
  3.8077888e-01
  1.3832870e+00
 -5.8456922e-01
 -2.1801436e+00
 -3.6313505e+00
  5.8349941e-02
 -1.6575459e+00
 -8.3461702e-01
 -3.1071566e-02
  1.1186026e+00
 -6.7139584e-01
  5.3357744e-01
 -9.7746170e-01
  4.4317495e-02
 -3.2357931e-01
 -7.0540613e-01
 -1.0831767e+00
  3.0609757e-01
  6.5921143e-02
 -1.3616842e+00
 -1.3899482e+00
 -4.2175910e-01
  4.9850944e-01
 -1.5884476e+00
 -8.7306872e-02
 -4.3833017e-01
  7.6276672e-01
  1.5356246e+00
  4.1904458e-01
  6.6756660e-01
  4.6103597e-01
  1.6648692e+00
  6.5437770e-01
 -1.9690914e-03
 -1.9447078e+00
 -7.3723346e-01
  2.5891224e-01
  3.8364223e-01
 -6.3816494e-01
  6.5169501e-01
 -1.4111438e+00
  1.8446882e-01
  1.3903871e+00
  6.2179351e-01
  4.4547537e-01
  3.3255181e-01
  6.0355258e-01
  1.0594258e+00
 -6.4245374e-03
 -1.8319748e-01
  2.9544261e-01
 -5.0869691e-01
 -1.7738333e-01
 -1.2270438e-01
  1.6058014e-01
 -1.3850791e+00
  1.5645431e+00
 -7.9189438e-01
  2.0308414e-01
 -1.3443516e+00
 -1.2604244e+00
 -2.5001310e-02
  1.3922789e+00
 -1.7929566e-01
  1.7775578e+00
 -6.6933900e-02
 -7.7088222e-02
  6.0573548e-01
 -3.2063201e-01
  1.3661996e-01
 -1.5957658e+00
 -2.1799430e-02
 -1.2792710e+00
 -2.4811533e-01
 -1.0790510e+00
  4.4904935e-01
 -8.6046869e-01
 -5.5547816e-01
  5.5508906e-01
 -2.2683928e+00
  6.4244606e-02
 -2.9231796e-01
 -3.6857763e-01
  3.9165404e+00
 -8.9031512e-01
  5.8499124e-02
  9.7103715e-01
  7.5134300e-02
 -2.9695979e-01
 -1.1098881e-01
  2.9046533e-01
  6.5081829e-01
 -3.6527108e-02
 -1.4973469e-01
  2.5742455e+00
  2.1225934e+00
  8.2138705e-01
 -9.7601607e-02
 -2.3481126e+00
  7.9708111e-01
 -7.7614439e-01
  7.8080648e-01
  1.9984846e+00
 -7.5345904e-01
  6.9659579e-01
 -1.7381705e+00
 -9.4155365e-01
 -2.4440251e-01
  1.6763978e+00
 -7.9642922e-01
 -7.3560709e-01
  6.0900182e-02
 -1.4676301e+00
  1.1731801e+00
 -1.0813273e+00
 -5.5759817e-01
 -1.1723065e-01
  7.2138727e-02
  1.9325528e-01
 -1.1162733e+00
  5.4534853e-01
 -2.4502467e-01
 -7.9584372e-01
 -1.7234821e+00
  9.5521039e-01
  4.2144437e-03
 -8.0540621e-01
  2.4209492e+00
  1.5555675e+00
  2.0835702e-03
  9.2847091e-01
  2.4053653e-01
 -5.3627843e-01
  1.2488175e-01
 -3.7774518e-01
 -4.4433880e-01
  2.6698980e-01
 -4.9524352e-02
 -1.5315590e+00
 -1.8324370e+00
 -5.1663536e-01
 -3.6191079e-01
 -1.1717374e+00
  4.6639815e-02
  7.6873922e-01
 -2.2183194e+00
  2.1430509e+00
 -5.5231148e-01
 -1.8643545e+00
 -8.9597791e-01
  1.6725640e+00
 -2.4469653e-01
 -3.8170740e-01
  1.5521437e+00
 -5.8626890e-01
 -5.5170190e-01
 -6.1090386e-01
 -8.8811678e-01
  1.1813767e-01
  2.6382971e+00
  1.0563911e+00
 -1.1172868e+00
 -1.6948810e+00
 -8.6279982e-01
 -9.8155475e-01
  2.1142061e+00
 -2.4777913e+00
 -5.0959080e-01
 -7.7382272e-01
 -1.2879335e+00
  1.1296607e+00
  1.5644631e+00
  1.6502306e-01
  5.5134284e-01
  2.3692343e+00
  3.4129910e-02
 -1.2711225e+00
 -1.6265142e+00
 -5.5226135e-01
 -1.4453950e+00
 -2.2047378e-02
 -1.3063543e+00
  4.6714821e-01
  1.3367902e+00
  7.6002860e-01
  1.1563876e-01
  4.0104861e+00
 -3.6205482e-01
  7.9118270e-01
  3.0220678e-02
  2.9108450e-01
 -8.5937673e-01
 -7.9228031e-03
  3.0825001e-01
 -1.5119946e+00
  1.1405151e-01
 -7.5578555e-02
 -3.6145714e-01
 -1.6702375e+00
  2.8895974e-01
 -1.1163559e+00
  9.6791571e-01
  5.3356385e-01
  6.8636872e-02
 -2.6029304e-01
  1.9262491e-01
  5.4533291e-01
  1.3292190e-01
 -4.2685766e-02
 -5.6173444e-01
  8.1708312e-01
 -3.4179613e-01
 -1.3977319e-01
 -7.3112339e-01
  1.0316781e+00
 -1.2590548e-01
  5.1167762e-01
  1.3787061e+00
 -3.9803275e-01
  9.6175665e-01
  9.2604423e-01
 -5.1454887e-02
 -2.3589499e+00
 -1.7923554e+00
  2.8638092e-01
 -6.3419372e-02
 -1.7839464e+00
  6.6674006e-01
 -2.8772280e-01
 -3.8869271e-01
  7.1668524e-01
 -1.1472616e-01
 -8.4649650e-03
  2.5321138e-01
  4.2264348e-01
 -5.5536258e-01
 -1.1219987e+00
  1.0776101e+00
 -1.2298875e-02
  4.0944859e-01
 -4.0747955e-01
  1.3112695e+00
 -1.9626349e+00
 -1.2705805e+00
 -1.4491034e-01
 -2.8930352e+00
  2.3029714e+00
  1.5149884e+00
  2.9272897e+00
 -6.6982019e-01
 -1.8407357e+00
  1.1344897e+00
 -6.0356025e-02
  4.2867351e+00
 -2.3089888e+00
 -1.7819732e+00
 -1.7477719e+00
 -5.8494616e-01
  6.5731525e-01
  6.2534437e-02
  4.7033611e-01
  1.5429516e-01
 -5.5872685e-01
  1.5258834e+00
  7.7436745e-01
  3.3509949e-01
 -1.1300913e+00
 -2.3381349e-01
  1.0045142e+00
  2.0631354e+00
  9.2238963e-02
  2.8735704e+00
  8.4441257e-01
 -9.3628418e-01
 -6.2984055e-01
  8.4689736e-01
  1.1747692e-01
  1.1763139e-01
  1.3032676e-01
 -1.4454435e+00
 -1.1848137e+00
  6.8498701e-01
 -8.4683514e-01
 -8.9224762e-01
 -1.1090425e+00
 -9.4111979e-01
  9.2876637e-01
  1.6314547e+00
 -6.3273460e-01
 -1.5363582e+00
 -5.4101013e-02
  1.4581279e-01
  8.6025554e-01
  3.7769052e-01
 -1.4053512e+00
  2.1268148e+00
  2.0548496e+00
 -1.6046361e+00
 -6.6180342e-01
 -3.4834173e-01
  1.2147326e+00
 -1.4414029e-01
 -6.5660948e-01
 -9.5310140e-01
  6.3123965e-01
 -1.9167098e+00
 -1.5700738e-01
  9.6738064e-01
 -2.8418440e-01
  1.6700324e+00
  3.7784559e-01
  1.7756146e+00
 -8.7739518e-03
  1.8107785e+00
  2.7550244e+00
  3.1913085e+00
 -1.1642754e+00
 -8.2284856e-01
 -2.1255001e-01
  7.3630869e-01
 -3.5837579e-01
  1.1846513e+00
  2.8435409e-01
  9.7107947e-01
  3.3477628e-01
 -4.6372172e-01
  4.3673313e-01
 -2.3725896e+00
  1.5185572e+00
 -3.5261241e-01
 -1.2054709e+00
  1.3398501e+00
  1.1221097e+00
 -9.8858970e-01
  1.3707389e+00
  6.8399334e-01
  3.6991227e-01
  1.0661556e+00
  2.6413474e+00
  1.5522392e-01
  3.0499792e-01
  7.8557718e-01
  1.1417526e+00
  6.2237296e-02
  1.7713441e-01
  4.0097605e-02
 -1.7180108e+00
 -5.8746994e-01
  6.6820037e-01
  1.3125054e+00
  1.9905983e-01
  1.7173560e+00
  7.6370144e-01
 -6.8340427e-01
 -3.0440351e-01
  2.2357304e+00
 -1.0687127e+00
  2.5354220e-02
  1.6321068e+00
 -1.9310359e+00
 -5.7952398e-01
  7.7214196e-02
  2.2585662e-01
 -8.7085050e-01
 -1.2026913e-02
 -1.2008673e+00
  4.3003011e-01
  1.8333180e+00
  2.2930807e-02
 -1.2042376e+00
  3.3036450e-01
 -3.0576390e-01
 -9.6213743e-02
  2.4121200e-01
 -3.2152939e-01
 -1.4274421e+00
  1.9888566e-01
 -1.4267929e+00
 -2.2846031e-01
 -5.3017157e-01
  1.1563745e+00
  4.7109663e-01
 -3.3046207e-01
 -2.9604049e+00
 -1.2258130e-01
 -6.7882501e-02
  1.4960934e-02
  1.5388682e+00
 -6.6553104e-01
 -1.6738258e-01
 -1.0837615e-01
 -2.5412035e-01
 -1.8216113e+00
  8.2901442e-01
  1.3158012e-02
 -3.3112707e+00
 -2.2918916e-01
 -2.3918729e+00
 -5.9659578e-02
 -4.9238160e-01
  3.8929063e-01
 -4.3640622e-01
  7.4994877e-02
 -2.4024273e-01
 -1.9408858e-01
  2.5874691e+00
  2.9350037e-02
 -1.5573848e+00
 -4.1427398e-01
  1.0038416e+00
 -2.7301344e-01
  5.3996813e-02
  1.3212726e-01
 -3.4904802e-01
 -1.9252522e-01
  1.0077935e+00
  2.2739918e+00
 -3.4254524e-01
 -3.4896347e-01
 -3.9117670e-01
  1.0501032e-01
  5.3827304e-01
  5.9342968e-01
  1.3316920e-01
  6.8069555e-02
  5.0828922e-01
  2.9081544e-01
 -8.7793410e-01
  3.7316328e-01
 -1.5880181e-01
  1.0628057e+00
  3.6502054e-01
 -2.2117799e-02
  2.9076057e-02
  9.5933574e-01
  7.0877528e-01
 -4.3167287e-01
 -2.6027447e-01
 -7.6685391e-02
  6.0469601e-02
 -4.2593211e-01
  2.3061207e-01
  1.6013899e-01
  1.2493321e+00
 -7.6844376e-01
 -6.3526875e-01
  3.7472054e-01
  1.5681245e+00
  2.9692909e-02
 -1.9077822e+00
  2.0467909e-01
 -8.2094051e-02
  7.1651280e-01
 -9.6888769e-01
 -4.3913874e-01
  3.7157304e+00
 -3.6934310e-01
 -6.5506898e-02
 -2.8917480e-01
 -2.0640876e+00
 -6.7726994e-01
  6.9411166e-02
 -1.5159123e-01
 -1.2615577e+00
  5.8716255e-01
 -2.0768454e+00
  2.0560524e-01
  2.1522045e+00
 -1.7220683e-01
 -4.3962124e-01
 -1.9220446e-01
  3.1440086e+00
 -8.3571070e-01
  1.3717887e-01
 -1.5576620e+00
  6.4320666e-01
  3.4918225e-01
 -1.5715966e+00
 -1.0265067e+00
 -4.8284575e-01
  6.2088829e-01
  3.2414204e-01
 -2.5038871e-01
 -3.9093506e-01
  6.8178408e-02
  4.5236278e-01
  1.1793356e-03
  4.5924863e-01
 -2.3120333e-01
 -1.1405344e+00
 -1.3620019e-01
 -4.2416003e-01
 -1.6132061e-01
 -1.2984550e-01
  4.7106051e-01
  1.1422017e+00
  7.2884780e-01
  5.1812273e-02
 -3.9729875e-02
 -9.1055149e-01
  5.4915331e-02
  1.2567393e-01
  1.0042650e+00
 -4.4980091e-01
 -1.3129964e+00
 -3.1017137e-01
  5.1091861e-02
 -6.2876081e-01
 -3.9630692e-02
  4.4688940e-01
 -7.1512145e-01
 -9.1479188e-01
  8.6440004e-02
 -7.5048000e-01
  1.3095620e+00
  5.3000279e-02
 -1.0417993e+00
 -8.7164328e-02
 -1.9348767e-01
 -1.6871407e+00
 -1.1461833e+00
  9.4986117e-01
  8.8948131e-01
 -1.6109519e+00
 -5.1902449e-01
  1.7072186e+00
 -1.9119397e+00
 -1.7397020e+00
 -2.9202852e-01
 -2.7794534e-01
 -6.9265179e-02
  3.5264868e-01
  3.5535190e-01
 -5.4321074e-01
 -4.9678609e-03
  1.3772552e+00
 -8.7409560e-03
  2.7726807e-02
  1.6521877e+00
 -7.2489303e-01
 -1.4019929e+00
 -3.3704552e-01
 -9.3567979e-01
 -2.6438050e+00
 -1.7408319e-01
 -6.3763261e-02
 -1.2709910e-01
  3.1557161e-01
 -1.4889117e-01
 -4.7742063e-01
  1.6395087e+00
  2.0906277e+00
 -6.2343620e-02
 -2.4896193e+00
 -7.9163915e-01
  2.9692999e-01
  5.4950511e-01
 -4.9521136e-01
  5.5197507e-02
  1.3858948e-02
  1.3858948e-02
  1.3858948e-02
  1.3858948e-02
  1.3858948e-02
  1.3858948e-02
  1.3858948e-02
  1.3858948e-02
  1.3858948e-02
  3.8586508e-02
  3.8586508e-02
  3.8586508e-02
  3.8586508e-02
  3.8586508e-02
  3.8586508e-02
  3.8586508e-02
  3.8586508e-02
  3.8586508e-02
  1.6498901e-02
  1.6498901e-02
  1.6498901e-02
  1.6498901e-02
  1.6498901e-02
  1.6498901e-02
  1.6498901e-02
  1.6498901e-02
  1.6498901e-02
  1.1255754e-02
  1.1255754e-02
  1.1255754e-02
  1.1255754e-02
  1.1255754e-02
  1.1255754e-02
  1.1255754e-02
  1.1255754e-02
  1.1255754e-02
  1.0660348e-02
  1.0660348e-02
  1.0660348e-02
  1.0660348e-02
  1.0660348e-02
  1.0660348e-02
  1.0660348e-02
  1.0660348e-02
  1.0660348e-02
  4.8684953e-03
  4.8684953e-03
  4.8684953e-03
  4.8684953e-03
  4.8684953e-03
  4.8684953e-03
  4.8684953e-03
  4.8684953e-03
  4.8684953e-03
